1 2 1 1 4 1 0.8040302522073697
2 4 2 3 1 1 0.903696114115064
4 4 1 2 2 2 0.8956685895029601
6 1 3 2 3 1 0.8355044182110838
7 4 2 2 3 1 0.90267093384844
8 1 1 1 1 1 0.9428090415820635
9 2 1 3 4 1 0.9467292624062575
10 2 2 3 2 1 0.9772545497599154
11 4 2 1 2 1 0.8013876853447538
12 1 3 3 3 1 0.8908708063747479
13 1 2 3 1 1 0.9128709291752769
14 1 2 3 3 1 0.9337990556476818
15 3 1 3 1 2 0.9486832980505138
16 1 2 2 4 1 0.848528137423857
17 4 3 2 2 1 0.8616404368553291
18 2 2 2 4 2 0.8908708063747479
19 3 2 3 3 1 0.9736676403347939
20 4 3 2 3 2 0.8794269798371535
21 1 1 2 1 2 0.9799578870122228
22 1 1 1 1 1 0.9428090415820635
23 2 3 2 1 2 0.8333333333333334
24 4 2 1 2 1 0.8013876853447538
25 3 1 2 3 1 0.9337990556476818
26 1 1 1 2 2 0.8908708063747479
27 1 1 3 1 2 0.9525793444156804
28 3 2 2 1 1 0.8888888888888888
29 4 2 2 1 1 0.848528137423857
30 3 3 2 2 2 0.878275310689946
31 1 3 3 4 1 0.8765009801785554
32 2 2 3 1 2 0.9444444444444444
33 1 2 2 4 2 0.848528137423857
34 4 3 2 3 1 0.8794269798371535
35 1 3 2 2 2 0.8333333333333334
36 3 2 3 4 2 0.9558988911273406
37 1 1 3 1 1 0.9525793444156804
38 1 3 3 3 1 0.8908708063747479
40 1 3 3 3 1 0.8908708063747479
41 3 2 3 3 2 0.9736676403347939
42 2 2 3 1 1 0.9444444444444444
43 1 2 3 4 1 0.903696114115064
44 2 2 2 3 2 0.9258200997725514
45 2 2 1 4 1 0.8013876853447538
46 1 2 1 2 1 0.8198915917499229
48 2 2 3 2 2 0.9772545497599154
49 2 3 2 3 2 0.878275310689946
50 3 1 1 4 1 0.816496580927726
51 1 2 3 3 1 0.9337990556476818
52 2 2 3 1 2 0.9444444444444444
53 3 2 1 2 1 0.8333333333333334
54 1 2 1 2 2 0.8198915917499229
55 2 1 2 2 2 0.9805806756909201
56 4 3 2 3 1 0.8794269798371535
57 4 3 3 2 2 0.9176629354822471
58 1 2 1 1 1 0.8017837257372732
59 2 1 2 2 2 0.9805806756909201
61 3 2 2 4 2 0.90267093384844
63 4 2 1 2 1 0.8013876853447538
64 2 2 2 2 2 0.9428090415820635
65 3 3 2 4 1 0.8794269798371535
66 3 1 3 3 1 0.9799578870122228
67 2 1 3 4 1 0.9467292624062575
69 4 1 2 2 1 0.8956685895029601
70 4 1 3 2 1 0.9467292624062575
72 3 1 3 1 2 0.9486832980505138
74 3 3 2 2 2 0.878275310689946
75 3 3 2 4 1 0.8794269798371535
76 3 1 1 3 1 0.8432740427115678
77 2 2 3 2 2 0.9772545497599154
78 2 3 3 2 2 0.9245003270420484
79 3 2 3 2 1 0.9707253433941508
80 1 3 2 2 2 0.8333333333333334
81 3 2 2 3 2 0.9245003270420484
83 2 2 2 4 2 0.8908708063747479
84 4 3 3 1 1 0.8765009801785554
85 3 1 2 3 2 0.9337990556476818
86 2 2 3 3 2 0.9707253433941508
87 2 1 2 2 1 0.9805806756909201
88 4 1 2 3 1 0.903696114115064
89 3 2 3 3 1 0.9736676403347939
90 1 1 2 2 1 0.9689627902499088
91 4 2 3 2 2 0.9437014308415509
92 2 3 3 2 1 0.9245003270420484
94 4 3 1 4 2 0.8001322641986387
95 3 3 2 1 1 0.8355044182110838
96 2 3 3 4 1 0.9176629354822471
97 3 1 1 1 2 0.816496580927726
98 2 1 2 1 1 0.9689627902499088
99 4 2 3 3 2 0.9558988911273406
100 4 3 3 1 2 0.8765009801785554
101 3 3 2 2 2 0.878275310689946
102 1 2 3 3 2 0.9337990556476818
103 3 2 1 3 1 0.8355044182110838
104 3 2 3 4 2 0.9558988911273406
105 4 2 3 3 1 0.9558988911273406
106 1 3 2 4 1 0.8176298175326769
107 3 2 1 3 1 0.8355044182110838
108 1 2 1 1 1 0.8017837257372732
109 1 1 1 3 1 0.816496580927726
110 3 3 2 3 1 0.8890008890013336
111 1 2 3 4 1 0.903696114115064
112 1 2 2 2 1 0.9152086306448588
114 3 2 1 4 2 0.8176298175326769
115 3 1 3 4 2 0.956182887467515
116 4 3 2 1 1 0.8176298175326769
117 1 1 3 2 1 0.9737289911202953
118 2 2 2 1 2 0.9152086306448588
119 3 3 2 2 1 0.878275310689946
121 4 2 3 4 1 0.9486832980505138
122 2 2 3 4 1 0.9437014308415509
124 1 1 3 3 1 0.9486832980505138
125 4 1 3 3 2 0.956182887467515
126 1 2 1 1 1 0.8017837257372732
129 2 1 3 2 1 1.0
130 1 1 1 3 2 0.816496580927726
131 3 1 1 4 2 0.816496580927726
132 3 1 3 2 1 0.982946374365981
133 3 1 1 3 2 0.8432740427115678
134 3 3 3 4 1 0.9345507010964662
135 3 2 2 1 2 0.8888888888888888
136 2 2 3 1 1 0.9444444444444444
137 3 2 3 4 2 0.9558988911273406
139 3 1 3 1 1 0.9486832980505138
140 3 1 2 3 2 0.9337990556476818
141 3 1 3 4 2 0.956182887467515
142 1 2 2 3 2 0.8888888888888888
144 1 2 2 1 2 0.8944271909999159
145 2 1 3 1 1 0.9737289911202953
146 1 2 1 2 1 0.8198915917499229
148 2 3 3 2 2 0.9245003270420484
150 2 3 2 2 1 0.8743856497851875
151 3 2 2 3 1 0.9245003270420484
152 2 3 3 1 1 0.8846517369293828
153 1 1 2 3 2 0.9128709291752769
154 3 1 2 1 1 0.9128709291752769
155 1 1 1 1 1 0.9428090415820635
156 2 1 1 4 2 0.8040302522073697
157 3 1 1 1 2 0.816496580927726
159 4 1 1 2 1 0.8040302522073697
160 3 2 3 2 2 0.9707253433941508
163 3 2 1 2 1 0.8333333333333334
164 2 2 3 2 1 0.9772545497599154
165 1 1 1 2 2 0.8908708063747479
166 4 3 2 1 2 0.8176298175326769
167 4 3 3 1 2 0.8765009801785554
168 2 1 1 4 1 0.8040302522073697
169 1 2 3 3 2 0.9337990556476818
170 1 3 2 3 1 0.8355044182110838
172 3 2 2 1 1 0.8888888888888888
173 1 3 2 4 1 0.8176298175326769
174 4 3 2 2 1 0.8616404368553291
175 4 1 1 4 2 0.8084520834544433
176 3 2 2 2 2 0.9258200997725514
177 2 3 3 4 2 0.9176629354822471
178 3 3 2 1 2 0.8355044182110838
179 3 2 3 1 2 0.9337990556476818
181 1 3 2 4 2 0.8176298175326769
182 3 1 3 2 2 0.982946374365981
184 1 3 2 3 1 0.8355044182110838
185 3 1 3 4 2 0.956182887467515
186 4 2 2 3 2 0.90267093384844
187 2 1 2 1 2 0.9689627902499088
188 4 1 2 1 2 0.8542821429703302
189 4 1 3 1 2 0.9072184232530289
190 4 2 3 4 2 0.9486832980505138
191 1 1 1 1 1 0.9428090415820635
192 3 3 2 2 2 0.878275310689946
193 4 3 3 4 1 0.9333333333333333
194 3 1 1 3 2 0.8432740427115678
195 2 2 3 3 2 0.9707253433941508
196 3 2 1 3 2 0.8355044182110838
197 2 3 2 4 1 0.8616404368553291
198 2 1 1 2 2 0.8944271909999159
199 4 3 1 4 2 0.8001322641986387
200 4 1 2 3 2 0.903696114115064
201 1 1 3 2 2 0.9737289911202953
202 1 1 3 4 2 0.9072184232530289
203 1 1 1 2 1 0.8908708063747479
204 4 1 1 3 2 0.816496580927726
205 2 1 2 1 2 0.9689627902499088
206 4 2 1 2 1 0.8013876853447538
207 3 2 3 4 1 0.9558988911273406
208 4 1 2 4 2 0.8912318970359479
209 3 2 2 4 1 0.90267093384844
210 3 2 3 2 2 0.9707253433941508
211 4 1 2 4 2 0.8912318970359479
212 2 2 2 4 1 0.8908708063747479
213 2 3 3 2 2 0.9245003270420484
215 2 1 3 3 2 0.982946374365981
216 3 1 2 2 1 0.9444444444444444
217 3 3 1 3 1 0.8017837257372732
218 4 1 2 2 2 0.8956685895029601
219 3 2 3 2 1 0.9707253433941508
220 4 1 3 1 2 0.9072184232530289
221 3 3 2 3 2 0.8890008890013336
222 1 1 3 3 1 0.9486832980505138
223 2 1 1 2 1 0.8944271909999159
225 4 2 1 2 2 0.8013876853447538
226 4 2 3 4 1 0.9486832980505138
227 2 1 1 3 2 0.8520128672302585
228 4 2 1 4 2 0.813733471206735
229 2 2 3 3 2 0.9707253433941508
230 2 2 2 2 2 0.9428090415820635
232 2 3 3 3 1 0.9313342646680637
234 2 3 3 3 2 0.9313342646680637
235 4 2 3 3 1 0.9558988911273406
236 2 2 2 2 2 0.9428090415820635
237 4 3 2 3 2 0.8794269798371535
239 2 3 3 4 1 0.9176629354822471
240 4 2 3 4 2 0.9486832980505138
241 2 2 1 4 2 0.8013876853447538
242 4 2 2 1 2 0.848528137423857
243 2 1 3 4 2 0.9467292624062575
244 2 3 2 1 1 0.8333333333333334
246 2 2 3 4 2 0.9437014308415509
247 3 1 2 3 2 0.9337990556476818
248 3 1 3 2 1 0.982946374365981
250 2 2 2 2 1 0.9428090415820635
251 3 2 3 3 1 0.9736676403347939
253 2 1 1 3 1 0.8520128672302585
254 1 2 3 4 2 0.903696114115064
255 4 2 2 2 1 0.8908708063747479
256 2 1 3 1 1 0.9737289911202953
257 4 2 2 4 2 0.8944271909999159
258 4 1 1 4 2 0.8084520834544433
259 3 2 3 3 1 0.9736676403347939
260 2 2 3 3 2 0.9707253433941508
261 3 2 2 3 1 0.9245003270420484
262 3 3 2 4 2 0.8794269798371535
263 2 2 2 4 2 0.8908708063747479
264 2 3 3 4 2 0.9176629354822471
265 1 2 2 2 1 0.9152086306448588
267 3 2 1 3 1 0.8355044182110838
269 1 2 3 3 2 0.9337990556476818
270 4 1 3 1 2 0.9072184232530289
272 4 3 2 2 1 0.8616404368553291
273 3 2 3 1 2 0.9337990556476818
274 3 1 3 3 1 0.9799578870122228
275 4 2 2 4 2 0.8944271909999159
276 3 3 2 1 2 0.8355044182110838
277 4 2 1 2 1 0.8013876853447538
278 2 3 2 2 1 0.8743856497851875
279 1 1 1 2 1 0.8908708063747479
280 2 2 1 2 2 0.8498365855987974
282 1 1 1 1 1 0.9428090415820635
283 1 1 2 4 2 0.8542821429703302
284 1 2 2 3 1 0.8888888888888888
285 1 2 1 1 2 0.8017837257372732
286 2 3 3 1 2 0.8846517369293828
287 3 2 2 1 2 0.8888888888888888
288 1 2 3 4 1 0.903696114115064
289 2 2 3 4 2 0.9437014308415509
290 2 3 2 4 1 0.8616404368553291
292 2 2 2 1 2 0.9152086306448588
293 2 1 1 1 2 0.8908708063747479
294 4 3 3 1 1 0.8765009801785554
295 1 1 1 3 2 0.816496580927726
296 3 2 1 3 2 0.8355044182110838
297 4 2 3 3 1 0.9558988911273406
299 3 2 3 2 1 0.9707253433941508
300 3 1 3 4 1 0.956182887467515
301 1 3 3 4 1 0.8765009801785554
302 2 2 3 3 2 0.9707253433941508
303 3 2 2 1 1 0.8888888888888888
304 4 1 2 4 1 0.8912318970359479
305 1 2 3 2 1 0.9444444444444444
306 1 2 2 1 1 0.8944271909999159
308 1 2 2 1 1 0.8944271909999159
309 3 1 3 4 2 0.956182887467515
310 3 1 3 1 2 0.9486832980505138
312 4 3 3 3 1 0.9345507010964662
313 3 3 2 4 1 0.8794269798371535
314 2 2 1 3 2 0.8333333333333334
315 3 3 3 4 1 0.9345507010964662
317 3 3 3 2 1 0.9313342646680637
318 4 3 2 2 1 0.8616404368553291
319 4 2 3 1 2 0.903696114115064
324 2 2 3 2 2 0.9772545497599154
325 3 3 1 3 2 0.8017837257372732
326 1 2 2 2 1 0.9152086306448588
327 4 3 1 4 1 0.8001322641986387
328 4 3 2 3 1 0.8794269798371535
329 4 2 1 3 2 0.8176298175326769
330 1 2 3 1 2 0.9128709291752769
331 4 2 1 2 2 0.8013876853447538
332 4 3 3 3 1 0.9345507010964662
333 4 2 1 2 2 0.8013876853447538
334 3 3 3 4 2 0.9345507010964662
335 4 1 1 2 2 0.8040302522073697
336 3 3 2 2 2 0.878275310689946
337 3 1 3 1 1 0.9486832980505138
338 2 2 2 1 1 0.9152086306448588
340 2 1 3 2 2 1.0
341 3 2 3 4 1 0.9558988911273406
342 4 3 2 2 2 0.8616404368553291
343 4 3 2 3 2 0.8794269798371535
346 1 1 1 2 1 0.8908708063747479
347 1 3 2 4 1 0.8176298175326769
348 2 1 1 1 2 0.8908708063747479
349 1 3 3 4 1 0.8765009801785554
350 1 1 2 4 1 0.8542821429703302
351 2 2 3 1 2 0.9444444444444444
352 3 2 3 2 1 0.9707253433941508
353 3 2 1 4 2 0.8176298175326769
355 1 2 3 3 1 0.9337990556476818
356 1 2 3 1 1 0.9128709291752769
357 4 1 3 4 1 0.9456108576893003
358 1 3 3 3 2 0.8908708063747479
359 1 3 2 2 1 0.8333333333333334
360 4 2 3 4 1 0.9486832980505138
361 4 2 3 3 2 0.9558988911273406
362 1 2 2 4 2 0.848528137423857
363 4 2 2 4 1 0.8944271909999159
364 4 2 1 3 1 0.8176298175326769
365 1 2 1 2 1 0.8198915917499229
366 2 2 2 1 1 0.9152086306448588
367 1 1 3 1 2 0.9525793444156804
368 3 3 3 2 1 0.9313342646680637
369 3 1 3 4 2 0.956182887467515
371 3 3 3 4 1 0.9345507010964662
372 3 1 3 3 2 0.9799578870122228
373 4 3 2 1 2 0.8176298175326769
374 1 1 1 1 2 0.9428090415820635
375 3 2 2 4 2 0.90267093384844
376 4 3 2 3 1 0.8794269798371535
377 3 3 3 1 2 0.8908708063747479
378 1 2 3 4 1 0.903696114115064
380 2 1 3 1 2 0.9737289911202953
382 2 1 1 2 1 0.8944271909999159
383 1 3 3 4 1 0.8765009801785554
384 4 1 2 4 1 0.8912318970359479
385 4 3 3 3 2 0.9345507010964662
386 2 1 1 3 2 0.8520128672302585
387 2 2 3 3 2 0.9707253433941508
388 1 3 3 1 1 0.8432740427115678
389 2 2 3 1 2 0.9444444444444444
390 4 2 2 3 2 0.90267093384844
391 3 3 2 2 2 0.878275310689946
392 3 3 1 3 2 0.8017837257372732
393 4 1 2 3 1 0.903696114115064
394 4 3 2 4 1 0.8784104611578831
395 3 1 2 4 1 0.903696114115064
396 2 2 2 4 2 0.8908708063747479
397 1 1 3 2 2 0.9737289911202953
398 4 2 3 2 2 0.9437014308415509
399 4 2 3 3 1 0.9558988911273406
401 2 2 3 4 2 0.9437014308415509
402 1 1 2 3 2 0.9128709291752769
403 3 2 2 2 2 0.9258200997725514
404 3 1 3 3 1 0.9799578870122228
406 1 2 1 2 1 0.8198915917499229
407 4 2 3 3 2 0.9558988911273406
408 1 3 3 1 1 0.8432740427115678
409 2 2 1 3 2 0.8333333333333334
410 3 2 1 3 1 0.8355044182110838
411 1 2 2 3 2 0.8888888888888888
413 4 3 2 2 1 0.8616404368553291
414 3 2 1 2 1 0.8333333333333334
415 4 2 3 1 2 0.903696114115064
416 3 2 2 3 1 0.9245003270420484
418 1 2 2 3 2 0.8888888888888888
419 1 3 2 3 1 0.8355044182110838
420 3 3 3 2 1 0.9313342646680637
421 1 2 3 3 1 0.9337990556476818
422 4 2 3 1 1 0.903696114115064
423 4 3 3 2 1 0.9176629354822471
425 4 3 2 3 1 0.8794269798371535
426 3 3 2 2 1 0.878275310689946
427 2 3 3 4 2 0.9176629354822471
430 4 2 2 4 2 0.8944271909999159
432 2 1 1 4 1 0.8040302522073697
433 2 3 2 3 2 0.878275310689946
434 3 1 2 1 2 0.9128709291752769
436 1 1 1 3 2 0.816496580927726
439 1 3 3 3 2 0.8908708063747479
440 3 1 2 1 1 0.9128709291752769
441 1 3 3 1 1 0.8432740427115678
442 3 1 3 3 1 0.9799578870122228
443 2 3 3 3 1 0.9313342646680637
444 4 1 2 4 1 0.8912318970359479
446 1 2 3 3 2 0.9337990556476818
447 4 1 2 1 2 0.8542821429703302
448 4 3 2 2 2 0.8616404368553291
449 4 2 3 1 1 0.903696114115064
450 2 2 2 2 2 0.9428090415820635
451 1 2 1 2 1 0.8198915917499229
452 3 1 1 1 1 0.816496580927726
454 4 3 3 1 2 0.8765009801785554
455 2 1 2 3 1 0.9444444444444444
456 3 3 2 3 1 0.8890008890013336
457 1 1 3 2 1 0.9737289911202953
458 3 2 3 3 2 0.9736676403347939
459 4 1 1 4 2 0.8084520834544433
460 1 3 2 3 2 0.8355044182110838
461 4 3 2 1 2 0.8176298175326769
462 2 3 2 4 1 0.8616404368553291
464 2 2 3 2 1 0.9772545497599154
466 2 2 3 1 2 0.9444444444444444
468 1 3 2 4 2 0.8176298175326769
469 4 2 2 2 1 0.8908708063747479
470 4 2 1 2 2 0.8013876853447538
471 2 1 3 3 1 0.982946374365981
472 1 1 2 2 2 0.9689627902499088
473 1 3 3 1 2 0.8432740427115678
474 1 2 2 1 1 0.8944271909999159
475 4 3 2 1 2 0.8176298175326769
476 1 3 2 2 2 0.8333333333333334
478 3 3 2 2 2 0.878275310689946
479 4 3 2 2 2 0.8616404368553291
480 2 2 3 4 2 0.9437014308415509
482 2 1 2 2 2 0.9805806756909201
483 4 1 2 4 1 0.8912318970359479
484 1 2 3 2 2 0.9444444444444444
485 3 2 2 4 1 0.90267093384844
486 2 2 2 4 1 0.8908708063747479
487 2 3 2 4 1 0.8616404368553291
488 2 2 1 1 1 0.8198915917499229
489 4 1 3 3 2 0.956182887467515
490 4 1 2 4 2 0.8912318970359479
491 4 2 1 3 1 0.8176298175326769
492 3 3 2 3 1 0.8890008890013336
494 1 1 3 1 1 0.9525793444156804
495 4 1 3 1 1 0.9072184232530289
496 3 2 3 3 1 0.9736676403347939
499 1 2 3 2 2 0.9444444444444444
500 3 3 3 1 1 0.8908708063747479
501 3 2 3 3 2 0.9736676403347939
502 2 1 3 2 2 1.0
504 3 1 1 3 2 0.8432740427115678
505 1 3 3 2 2 0.8846517369293828
506 2 1 3 3 1 0.982946374365981
508 2 2 1 1 1 0.8198915917499229
509 3 1 2 2 1 0.9444444444444444
510 1 1 2 2 2 0.9689627902499088
511 4 3 3 4 2 0.9333333333333333
513 4 2 3 2 1 0.9437014308415509
514 1 2 1 2 1 0.8198915917499229
515 4 2 3 2 1 0.9437014308415509
516 4 3 2 4 2 0.8784104611578831
517 3 3 3 4 2 0.9345507010964662
518 2 2 3 1 1 0.9444444444444444
519 2 2 1 3 2 0.8333333333333334
521 2 1 2 4 2 0.8956685895029601
522 4 1 2 4 1 0.8912318970359479
524 4 2 2 3 1 0.90267093384844
525 1 3 2 2 2 0.8333333333333334
526 1 2 3 2 1 0.9444444444444444
527 3 3 3 1 1 0.8908708063747479
528 2 3 2 1 2 0.8333333333333334
529 2 3 3 4 2 0.9176629354822471
531 4 2 2 1 2 0.848528137423857
532 2 1 1 1 1 0.8908708063747479
533 1 2 3 2 1 0.9444444444444444
534 3 3 2 1 1 0.8355044182110838
535 1 3 2 3 2 0.8355044182110838
536 3 2 3 3 2 0.9736676403347939
537 2 1 1 3 1 0.8520128672302585
538 3 2 2 3 2 0.9245003270420484
539 2 2 3 2 1 0.9772545497599154
540 1 3 3 4 1 0.8765009801785554
541 4 2 2 3 1 0.90267093384844
544 4 3 3 1 2 0.8765009801785554
545 4 2 3 1 2 0.903696114115064
546 4 2 2 2 2 0.8908708063747479
547 1 2 3 3 1 0.9337990556476818
548 2 1 3 4 2 0.9467292624062575
549 4 2 2 1 1 0.848528137423857
550 4 3 2 4 2 0.8784104611578831
551 3 1 2 1 1 0.9128709291752769
552 3 2 1 2 2 0.8333333333333334
553 3 1 1 1 1 0.816496580927726
554 2 1 3 1 1 0.9737289911202953
556 1 3 3 3 1 0.8908708063747479
557 2 3 3 2 2 0.9245003270420484
558 1 2 3 4 1 0.903696114115064
559 3 2 3 1 1 0.9337990556476818
560 4 1 2 4 2 0.8912318970359479
561 1 2 2 2 2 0.9152086306448588
563 4 3 3 2 1 0.9176629354822471
564 3 1 1 4 2 0.816496580927726
566 4 2 2 3 2 0.90267093384844
567 3 1 3 1 2 0.9486832980505138
568 1 2 3 1 2 0.9128709291752769
569 3 2 1 2 2 0.8333333333333334
570 1 3 2 3 2 0.8355044182110838
571 2 1 3 4 1 0.9467292624062575
573 2 3 2 4 1 0.8616404368553291
574 3 1 3 3 2 0.9799578870122228
575 1 3 2 3 1 0.8355044182110838
577 4 2 3 1 1 0.903696114115064
578 3 1 3 2 2 0.982946374365981
579 2 1 3 3 1 0.982946374365981
582 4 2 2 2 1 0.8908708063747479
583 4 1 1 3 1 0.816496580927726
584 2 2 3 3 1 0.9707253433941508
587 3 2 3 2 1 0.9707253433941508
588 2 1 3 1 2 0.9737289911202953
589 3 3 2 1 1 0.8355044182110838
590 4 3 2 4 1 0.8784104611578831
591 3 2 3 2 1 0.9707253433941508
592 2 2 1 2 2 0.8498365855987974
593 4 1 2 4 2 0.8912318970359479
595 2 2 1 2 1 0.8498365855987974
596 4 3 2 2 2 0.8616404368553291
597 2 1 3 1 2 0.9737289911202953
598 1 1 3 3 1 0.9486832980505138
599 4 2 1 3 2 0.8176298175326769
600 4 2 2 2 1 0.8908708063747479
601 4 1 2 2 2 0.8956685895029601
603 3 1 1 4 2 0.816496580927726
604 2 3 3 1 1 0.8846517369293828
606 3 2 1 3 2 0.8355044182110838
607 4 1 2 1 2 0.8542821429703302
608 3 1 3 4 2 0.956182887467515
609 2 1 3 4 1 0.9467292624062575
610 1 3 2 4 2 0.8176298175326769
611 1 1 1 3 2 0.816496580927726
612 3 1 3 3 1 0.9799578870122228
613 1 2 2 4 1 0.848528137423857
614 2 1 3 2 1 1.0
615 1 3 2 3 2 0.8355044182110838
616 3 3 1 3 2 0.8017837257372732
617 3 3 3 4 1 0.9345507010964662
618 1 2 1 2 2 0.8198915917499229
619 1 2 2 4 2 0.848528137423857
620 2 2 3 3 2 0.9707253433941508
621 4 2 3 2 2 0.9437014308415509
622 2 3 3 3 1 0.9313342646680637
623 1 1 1 2 1 0.8908708063747479
624 2 3 2 3 2 0.878275310689946
625 1 2 2 2 2 0.9152086306448588
626 4 1 3 4 1 0.9456108576893003
627 2 2 3 3 1 0.9707253433941508
628 3 2 2 1 2 0.8888888888888888
629 3 2 1 2 1 0.8333333333333334
631 4 1 3 2 1 0.9467292624062575
634 4 3 3 2 1 0.9176629354822471
635 3 1 3 3 2 0.9799578870122228
636 4 2 1 3 2 0.8176298175326769
637 4 3 3 3 2 0.9345507010964662
639 3 2 1 3 2 0.8355044182110838
640 4 2 3 3 2 0.9558988911273406
641 4 2 3 2 2 0.9437014308415509
643 4 3 1 4 2 0.8001322641986387
644 2 3 3 1 2 0.8846517369293828
646 3 3 3 3 2 0.9428090415820634
647 2 2 2 2 1 0.9428090415820635
648 2 2 3 1 1 0.9444444444444444
649 3 2 1 3 2 0.8355044182110838
651 4 1 2 2 2 0.8956685895029601
652 3 2 2 2 2 0.9258200997725514
653 2 1 2 3 2 0.9444444444444444
654 3 1 2 4 1 0.903696114115064
655 3 1 1 2 2 0.8520128672302585
657 2 3 2 3 2 0.878275310689946
659 3 1 2 3 2 0.9337990556476818
660 4 3 3 3 2 0.9345507010964662
661 1 2 1 2 2 0.8198915917499229
664 1 2 3 4 2 0.903696114115064
665 3 2 3 4 2 0.9558988911273406
668 3 2 3 4 1 0.9558988911273406
669 1 2 3 2 1 0.9444444444444444
670 1 3 2 3 1 0.8355044182110838
671 1 1 3 4 1 0.9072184232530289
672 4 3 2 4 1 0.8784104611578831
673 2 2 2 1 2 0.9152086306448588
674 1 2 3 2 2 0.9444444444444444
675 1 2 2 1 1 0.8944271909999159
676 2 1 2 3 1 0.9444444444444444
677 1 3 3 2 2 0.8846517369293828
678 4 3 3 2 1 0.9176629354822471
679 4 1 1 2 2 0.8040302522073697
680 3 2 3 3 1 0.9736676403347939
681 4 2 2 2 1 0.8908708063747479
682 2 1 1 1 1 0.8908708063747479
683 1 2 3 4 2 0.903696114115064
684 3 3 3 1 2 0.8908708063747479
685 1 2 1 1 1 0.8017837257372732
686 1 2 3 2 2 0.9444444444444444
687 3 3 2 4 2 0.8794269798371535
688 4 1 3 1 2 0.9072184232530289
689 3 3 2 3 2 0.8890008890013336
690 1 1 3 2 1 0.9737289911202953
691 4 3 3 1 1 0.8765009801785554
692 2 2 2 4 1 0.8908708063747479
694 3 1 2 1 2 0.9128709291752769
695 2 1 3 2 1 1.0
696 1 2 1 1 2 0.8017837257372732
697 2 2 3 4 1 0.9437014308415509
698 4 3 1 4 2 0.8001322641986387
699 4 2 3 3 1 0.9558988911273406
700 2 1 2 3 1 0.9444444444444444
701 3 1 1 3 2 0.8432740427115678
702 4 1 2 4 1 0.8912318970359479
703 4 2 1 4 2 0.813733471206735
704 3 1 1 1 1 0.816496580927726
706 2 1 3 2 1 1.0
707 4 2 1 4 1 0.813733471206735
708 1 3 3 2 2 0.8846517369293828
709 4 1 3 3 1 0.956182887467515
710 3 2 1 2 2 0.8333333333333334
711 1 2 1 1 2 0.8017837257372732
712 4 3 3 2 1 0.9176629354822471
713 3 3 3 1 1 0.8908708063747479
714 1 1 3 1 1 0.9525793444156804
715 3 1 2 4 2 0.903696114115064
716 3 2 2 1 2 0.8888888888888888
717 3 2 2 2 1 0.9258200997725514
718 4 2 2 4 1 0.8944271909999159
719 4 3 3 2 1 0.9176629354822471
720 4 2 2 3 2 0.90267093384844
721 3 2 2 4 2 0.90267093384844
723 4 3 1 4 2 0.8001322641986387
724 4 2 2 1 2 0.848528137423857
725 3 1 2 3 1 0.9337990556476818
726 3 1 1 3 1 0.8432740427115678
727 3 2 1 4 2 0.8176298175326769
728 3 3 3 4 2 0.9345507010964662
729 1 2 3 1 1 0.9128709291752769
730 4 3 1 4 1 0.8001322641986387
731 2 2 2 1 1 0.9152086306448588
733 2 1 1 2 1 0.8944271909999159
734 4 2 3 4 2 0.9486832980505138
735 1 3 2 4 1 0.8176298175326769
736 3 1 3 3 1 0.9799578870122228
738 1 3 3 3 2 0.8908708063747479
739 3 3 2 3 2 0.8890008890013336
740 3 2 3 2 2 0.9707253433941508
742 4 2 2 2 2 0.8908708063747479
743 3 2 1 2 2 0.8333333333333334
744 2 2 2 4 1 0.8908708063747479
745 3 2 3 4 2 0.9558988911273406
746 4 1 3 1 1 0.9072184232530289
748 3 1 1 4 2 0.816496580927726
749 4 1 2 3 2 0.903696114115064
752 2 3 2 3 2 0.878275310689946
753 3 3 2 1 2 0.8355044182110838
755 2 3 2 1 2 0.8333333333333334
756 1 2 2 1 1 0.8944271909999159
758 4 1 3 2 2 0.9467292624062575
760 4 1 1 3 1 0.816496580927726
761 1 2 3 4 1 0.903696114115064
762 3 3 3 4 2 0.9345507010964662
763 3 1 2 1 2 0.9128709291752769
764 4 1 3 2 1 0.9467292624062575
765 2 3 3 2 2 0.9245003270420484
766 4 1 1 3 2 0.816496580927726
768 4 1 3 3 1 0.956182887467515
769 4 3 2 4 1 0.8784104611578831
770 4 3 3 2 1 0.9176629354822471
771 3 2 2 4 2 0.90267093384844
772 4 2 2 4 2 0.8944271909999159
773 2 1 1 4 2 0.8040302522073697
774 1 2 3 1 1 0.9128709291752769
775 4 1 3 4 1 0.9456108576893003
776 2 1 2 1 1 0.9689627902499088
777 4 3 2 3 1 0.8794269798371535
778 1 1 2 1 2 0.9799578870122228
779 2 3 3 3 2 0.9313342646680637
780 3 1 3 4 1 0.956182887467515
781 4 3 3 1 2 0.8765009801785554
782 3 1 1 4 2 0.816496580927726
784 4 1 3 1 2 0.9072184232530289
785 1 2 2 2 1 0.9152086306448588
786 4 1 2 1 1 0.8542821429703302
788 1 2 3 1 2 0.9128709291752769
789 3 2 2 3 1 0.9245003270420484
790 1 1 2 3 2 0.9128709291752769
791 4 1 2 3 1 0.903696114115064
792 2 2 3 4 1 0.9437014308415509
793 4 2 3 1 1 0.903696114115064
794 1 2 3 2 1 0.9444444444444444
795 2 2 3 3 1 0.9707253433941508
796 4 3 2 1 2 0.8176298175326769
801 1 2 3 3 1 0.9337990556476818
802 2 1 1 1 2 0.8908708063747479
803 4 2 3 4 2 0.9486832980505138
804 2 2 1 2 2 0.8498365855987974
805 2 2 2 4 1 0.8908708063747479
806 2 2 1 3 1 0.8333333333333334
807 3 3 2 2 1 0.878275310689946
808 1 3 3 2 1 0.8846517369293828
809 2 3 3 3 2 0.9313342646680637
810 4 1 2 2 1 0.8956685895029601
811 4 2 3 1 1 0.903696114115064
812 3 1 2 2 2 0.9444444444444444
813 3 2 1 2 2 0.8333333333333334
814 2 2 2 4 1 0.8908708063747479
815 4 1 2 4 1 0.8912318970359479
816 3 2 1 3 2 0.8355044182110838
817 3 2 2 3 2 0.9245003270420484
818 1 1 2 4 2 0.8542821429703302
819 1 2 3 2 2 0.9444444444444444
820 2 1 3 1 2 0.9737289911202953
822 4 2 1 2 1 0.8013876853447538
823 4 3 2 3 2 0.8794269798371535
824 1 2 1 2 1 0.8198915917499229
825 1 1 3 3 1 0.9486832980505138
826 2 1 1 2 1 0.8944271909999159
827 4 2 2 1 2 0.848528137423857
828 3 3 2 4 2 0.8794269798371535
829 2 2 3 2 2 0.9772545497599154
830 1 1 1 1 2 0.9428090415820635
832 3 2 1 4 2 0.8176298175326769
833 4 2 3 4 1 0.9486832980505138
834 1 3 2 2 2 0.8333333333333334
835 4 3 2 4 1 0.8784104611578831
836 1 1 1 3 1 0.816496580927726
837 1 1 3 4 2 0.9072184232530289
838 4 3 3 1 2 0.8765009801785554
839 3 1 1 4 2 0.816496580927726
840 1 2 3 1 1 0.9128709291752769
841 2 1 2 2 1 0.9805806756909201
843 1 1 3 1 2 0.9525793444156804
844 2 1 2 2 1 0.9805806756909201
845 3 1 3 3 2 0.9799578870122228
846 4 3 2 3 2 0.8794269798371535
847 2 2 3 1 2 0.9444444444444444
848 2 3 2 4 2 0.8616404368553291
849 4 2 2 1 2 0.848528137423857
850 4 2 2 4 1 0.8944271909999159
851 4 1 2 3 2 0.903696114115064
852 2 1 2 4 2 0.8956685895029601
853 4 1 2 1 2 0.8542821429703302
854 3 1 3 2 2 0.982946374365981
855 2 1 1 1 2 0.8908708063747479
856 1 1 1 1 1 0.9428090415820635
858 2 1 2 2 1 0.9805806756909201
859 3 3 1 3 1 0.8017837257372732
860 2 3 3 3 1 0.9313342646680637
861 1 2 1 2 2 0.8198915917499229
863 1 3 3 2 1 0.8846517369293828
864 2 2 3 2 2 0.9772545497599154
865 4 3 2 2 2 0.8616404368553291
866 1 1 2 4 1 0.8542821429703302
867 1 1 3 3 1 0.9486832980505138
868 3 3 2 3 1 0.8890008890013336
870 4 2 2 3 2 0.90267093384844
873 4 3 3 1 1 0.8765009801785554
874 4 1 1 2 2 0.8040302522073697
875 2 2 2 1 2 0.9152086306448588
877 2 2 1 3 1 0.8333333333333334
878 1 2 3 4 2 0.903696114115064
879 4 3 3 4 2 0.9333333333333333
880 2 1 2 4 1 0.8956685895029601
881 4 1 2 2 1 0.8956685895029601
882 3 1 3 2 2 0.982946374365981
883 1 2 2 4 2 0.848528137423857
886 4 3 2 2 1 0.8616404368553291
887 3 1 1 1 1 0.816496580927726
888 3 3 2 1 1 0.8355044182110838
890 3 2 1 2 2 0.8333333333333334
891 2 2 2 3 2 0.9258200997725514
892 3 2 2 2 1 0.9258200997725514
893 2 3 3 3 2 0.9313342646680637
894 4 3 3 4 1 0.9333333333333333
895 2 2 1 1 2 0.8198915917499229
896 3 1 1 3 1 0.8432740427115678
898 1 2 3 2 2 0.9444444444444444
899 2 1 1 4 2 0.8040302522073697
900 4 2 3 1 1 0.903696114115064
901 1 2 3 2 2 0.9444444444444444
902 1 1 3 1 2 0.9525793444156804
904 4 1 2 1 2 0.8542821429703302
905 2 1 3 3 1 0.982946374365981
907 1 2 3 1 2 0.9128709291752769
909 3 2 3 4 2 0.9558988911273406
910 2 2 2 1 1 0.9152086306448588
911 2 2 3 2 1 0.9772545497599154
912 4 3 2 2 2 0.8616404368553291
913 3 2 3 1 2 0.9337990556476818
914 4 1 3 4 1 0.9456108576893003
915 3 2 2 3 2 0.9245003270420484
916 3 2 1 4 1 0.8176298175326769
918 2 1 3 1 1 0.9737289911202953
919 1 3 2 4 1 0.8176298175326769
920 4 1 3 4 1 0.9456108576893003
921 3 2 3 1 1 0.9337990556476818
922 4 1 1 3 1 0.816496580927726
923 4 3 3 2 2 0.9176629354822471
924 1 2 3 1 2 0.9128709291752769
925 4 1 1 4 1 0.8084520834544433
926 1 1 2 3 1 0.9128709291752769
928 4 1 3 2 1 0.9467292624062575
930 4 3 2 3 2 0.8794269798371535
931 1 3 3 4 1 0.8765009801785554
932 2 1 1 1 1 0.8908708063747479
933 3 3 2 3 2 0.8890008890013336
934 4 2 3 1 2 0.903696114115064
935 2 1 3 2 1 1.0
936 1 3 3 4 2 0.8765009801785554
938 2 1 3 1 2 0.9737289911202953
939 2 2 1 3 2 0.8333333333333334
940 1 2 3 1 1 0.9128709291752769
941 3 1 3 3 1 0.9799578870122228
942 3 3 2 4 2 0.8794269798371535
944 1 2 2 4 2 0.848528137423857
945 2 2 1 3 1 0.8333333333333334
946 3 3 3 2 2 0.9313342646680637
947 2 1 3 3 1 0.982946374365981
948 4 1 1 2 1 0.8040302522073697
951 3 2 2 1 2 0.8888888888888888
952 2 2 2 1 2 0.9152086306448588
953 3 1 1 4 1 0.816496580927726
954 2 3 3 3 2 0.9313342646680637
955 3 2 2 4 2 0.90267093384844
956 2 3 2 1 1 0.8333333333333334
957 3 2 2 4 2 0.90267093384844
958 2 1 1 2 2 0.8944271909999159
959 3 3 3 1 2 0.8908708063747479
962 1 1 3 1 2 0.9525793444156804
963 1 2 2 2 2 0.9152086306448588
965 1 1 2 1 1 0.9799578870122228
966 1 2 2 3 2 0.8888888888888888
967 2 3 3 4 1 0.9176629354822471
968 1 2 3 1 1 0.9128709291752769
969 3 3 3 1 2 0.8908708063747479
971 1 2 2 4 1 0.848528137423857
973 3 3 3 2 2 0.9313342646680637
975 1 3 2 3 1 0.8355044182110838
976 1 1 3 2 1 0.9737289911202953
977 4 3 1 4 2 0.8001322641986387
979 1 3 2 3 2 0.8355044182110838
980 2 1 3 2 2 1.0
982 2 2 3 4 1 0.9437014308415509
983 1 2 1 2 2 0.8198915917499229
984 3 1 3 1 2 0.9486832980505138
985 1 2 3 2 1 0.9444444444444444
986 3 1 1 3 1 0.8432740427115678
987 1 1 1 1 1 0.9428090415820635
988 4 2 1 2 2 0.8013876853447538
989 3 2 3 2 2 0.9707253433941508
990 1 1 2 4 1 0.8542821429703302
991 4 2 2 4 2 0.8944271909999159
992 4 1 1 4 2 0.8084520834544433
993 2 3 2 4 1 0.8616404368553291
994 3 3 2 2 1 0.878275310689946
995 4 2 2 4 1 0.8944271909999159
997 2 1 2 3 2 0.9444444444444444
998 2 1 2 2 2 0.9805806756909201
999 1 1 2 1 1 0.9799578870122228
1000 3 2 2 4 2 0.90267093384844
