1 2 1 1 4 1 0.8
2 4 2 3 1 1 0.875
4 4 1 2 2 2 0.8837209302325582
6 1 3 2 3 1 0.8292682926829268
7 4 2 2 3 1 0.8627450980392157
9 2 1 3 4 1 0.9166666666666666
10 2 2 3 2 1 0.9743589743589743
12 1 3 3 3 1 0.8695652173913043
13 1 2 3 1 1 0.9090909090909091
14 1 2 3 3 1 0.926829268292683
15 3 1 3 1 2 0.9473684210526315
16 1 2 2 4 1 0.8372093023255814
17 4 3 2 2 1 0.8235294117647058
18 2 2 2 4 2 0.8695652173913043
19 3 2 3 3 1 0.9387755102040817
20 4 3 2 3 2 0.8214285714285714
21 1 1 2 1 2 0.88
23 2 3 2 1 2 0.8333333333333334
25 3 1 2 3 1 0.926829268292683
26 1 1 1 2 2 0.8
27 1 1 3 1 2 0.9333333333333333
28 3 2 2 1 1 0.8888888888888888
29 4 2 2 1 1 0.8372093023255814
30 3 3 2 2 2 0.8636363636363636
31 1 3 3 4 1 0.8301886792452831
32 2 2 3 1 2 0.9444444444444444
33 1 2 2 4 2 0.8372093023255814
34 4 3 2 3 1 0.8214285714285714
35 1 3 2 2 2 0.8333333333333334
36 3 2 3 4 2 0.8928571428571429
37 1 1 3 1 1 0.9333333333333333
38 1 3 3 3 1 0.8695652173913043
40 1 3 3 3 1 0.8695652173913043
41 3 2 3 3 2 0.9387755102040817
42 2 2 3 1 1 0.9444444444444444
43 1 2 3 4 1 0.875
44 2 2 2 3 2 0.9230769230769231
48 2 2 3 2 2 0.9743589743589743
49 2 3 2 3 2 0.8636363636363636
50 3 1 1 4 1 0.8
51 1 2 3 3 1 0.926829268292683
52 2 2 3 1 2 0.9444444444444444
53 3 2 1 2 1 0.8333333333333334
55 2 1 2 2 2 0.967741935483871
56 4 3 2 3 1 0.8214285714285714
57 4 3 3 2 2 0.8571428571428571
59 2 1 2 2 2 0.967741935483871
61 3 2 2 4 2 0.8627450980392157
64 2 2 2 2 2 0.9411764705882353
65 3 3 2 4 1 0.8214285714285714
66 3 1 3 3 1 0.9565217391304348
67 2 1 3 4 1 0.9166666666666666
69 4 1 2 2 1 0.8837209302325582
70 4 1 3 2 1 0.9166666666666666
72 3 1 3 1 2 0.9473684210526315
74 3 3 2 2 2 0.8636363636363636
75 3 3 2 4 1 0.8214285714285714
76 3 1 1 3 1 0.8421052631578947
77 2 2 3 2 2 0.9743589743589743
78 2 3 3 2 2 0.9090909090909091
79 3 2 3 2 1 0.9545454545454546
80 1 3 2 2 2 0.8333333333333334
81 3 2 2 3 2 0.9090909090909091
83 2 2 2 4 2 0.8695652173913043
84 4 3 3 1 1 0.8301886792452831
85 3 1 2 3 2 0.926829268292683
86 2 2 3 3 2 0.9545454545454546
87 2 1 2 2 1 0.967741935483871
88 4 1 2 3 1 0.875
89 3 2 3 3 1 0.9387755102040817
90 1 1 2 2 1 0.9285714285714286
91 4 2 3 2 2 0.9019607843137255
92 2 3 3 2 1 0.9090909090909091
95 3 3 2 1 1 0.8292682926829268
96 2 3 3 4 1 0.8571428571428571
97 3 1 1 1 2 0.8
98 2 1 2 1 1 0.9285714285714286
99 4 2 3 3 2 0.8928571428571429
100 4 3 3 1 2 0.8301886792452831
101 3 3 2 2 2 0.8636363636363636
102 1 2 3 3 2 0.926829268292683
103 3 2 1 3 1 0.8292682926829268
104 3 2 3 4 2 0.8928571428571429
105 4 2 3 3 1 0.8928571428571429
107 3 2 1 3 1 0.8292682926829268
109 1 1 1 3 1 0.8
110 3 3 2 3 1 0.8571428571428571
111 1 2 3 4 1 0.875
112 1 2 2 2 1 0.9032258064516129
115 3 1 3 4 2 0.9056603773584906
117 1 1 3 2 1 0.9696969696969697
118 2 2 2 1 2 0.9032258064516129
119 3 3 2 2 1 0.8636363636363636
121 4 2 3 4 1 0.8571428571428571
122 2 2 3 4 1 0.9019607843137255
124 1 1 3 3 1 0.9473684210526315
125 4 1 3 3 2 0.9056603773584906
129 2 1 3 2 1 1.0
130 1 1 1 3 2 0.8
131 3 1 1 4 2 0.8
132 3 1 3 2 1 0.975609756097561
133 3 1 1 3 2 0.8421052631578947
134 3 3 3 4 1 0.8524590163934426
135 3 2 2 1 2 0.8888888888888888
136 2 2 3 1 1 0.9444444444444444
137 3 2 3 4 2 0.8928571428571429
139 3 1 3 1 1 0.9473684210526315
140 3 1 2 3 2 0.926829268292683
141 3 1 3 4 2 0.9056603773584906
142 1 2 2 3 2 0.8888888888888888
144 1 2 2 1 2 0.8571428571428571
145 2 1 3 1 1 0.9696969696969697
148 2 3 3 2 2 0.9090909090909091
150 2 3 2 2 1 0.8717948717948718
151 3 2 2 3 1 0.9090909090909091
152 2 3 3 1 1 0.8780487804878049
153 1 1 2 3 2 0.9090909090909091
154 3 1 2 1 1 0.9090909090909091
156 2 1 1 4 2 0.8
157 3 1 1 1 2 0.8
159 4 1 1 2 1 0.8
160 3 2 3 2 2 0.9545454545454546
163 3 2 1 2 1 0.8333333333333334
164 2 2 3 2 1 0.9743589743589743
165 1 1 1 2 2 0.8
167 4 3 3 1 2 0.8301886792452831
168 2 1 1 4 1 0.8
169 1 2 3 3 2 0.926829268292683
170 1 3 2 3 1 0.8292682926829268
172 3 2 2 1 1 0.8888888888888888
174 4 3 2 2 1 0.8235294117647058
176 3 2 2 2 2 0.9230769230769231
177 2 3 3 4 2 0.8571428571428571
178 3 3 2 1 2 0.8292682926829268
179 3 2 3 1 2 0.926829268292683
182 3 1 3 2 2 0.975609756097561
184 1 3 2 3 1 0.8292682926829268
185 3 1 3 4 2 0.9056603773584906
186 4 2 2 3 2 0.8627450980392157
187 2 1 2 1 2 0.9285714285714286
188 4 1 2 1 2 0.85
189 4 1 3 1 2 0.8888888888888888
190 4 2 3 4 2 0.8571428571428571
192 3 3 2 2 2 0.8636363636363636
193 4 3 3 4 1 0.8235294117647058
194 3 1 1 3 2 0.8421052631578947
195 2 2 3 3 2 0.9545454545454546
196 3 2 1 3 2 0.8292682926829268
197 2 3 2 4 1 0.8235294117647058
198 2 1 1 2 2 0.8571428571428571
200 4 1 2 3 2 0.875
201 1 1 3 2 2 0.9696969696969697
202 1 1 3 4 2 0.8888888888888888
203 1 1 1 2 1 0.8
204 4 1 1 3 2 0.8
205 2 1 2 1 2 0.9285714285714286
207 3 2 3 4 1 0.8928571428571429
208 4 1 2 4 2 0.8363636363636363
209 3 2 2 4 1 0.8627450980392157
210 3 2 3 2 2 0.9545454545454546
211 4 1 2 4 2 0.8363636363636363
212 2 2 2 4 1 0.8695652173913043
213 2 3 3 2 2 0.9090909090909091
215 2 1 3 3 2 0.975609756097561
216 3 1 2 2 1 0.9444444444444444
218 4 1 2 2 2 0.8837209302325582
219 3 2 3 2 1 0.9545454545454546
220 4 1 3 1 2 0.8888888888888888
221 3 3 2 3 2 0.8571428571428571
222 1 1 3 3 1 0.9473684210526315
223 2 1 1 2 1 0.8571428571428571
226 4 2 3 4 1 0.8571428571428571
227 2 1 1 3 2 0.8484848484848485
229 2 2 3 3 2 0.9545454545454546
230 2 2 2 2 2 0.9411764705882353
232 2 3 3 3 1 0.8979591836734694
234 2 3 3 3 2 0.8979591836734694
235 4 2 3 3 1 0.8928571428571429
236 2 2 2 2 2 0.9411764705882353
237 4 3 2 3 2 0.8214285714285714
239 2 3 3 4 1 0.8571428571428571
240 4 2 3 4 2 0.8571428571428571
242 4 2 2 1 2 0.8372093023255814
243 2 1 3 4 2 0.9166666666666666
244 2 3 2 1 1 0.8333333333333334
246 2 2 3 4 2 0.9019607843137255
247 3 1 2 3 2 0.926829268292683
248 3 1 3 2 1 0.975609756097561
250 2 2 2 2 1 0.9411764705882353
251 3 2 3 3 1 0.9387755102040817
253 2 1 1 3 1 0.8484848484848485
254 1 2 3 4 2 0.875
255 4 2 2 2 1 0.8695652173913043
256 2 1 3 1 1 0.9696969696969697
257 4 2 2 4 2 0.8275862068965517
259 3 2 3 3 1 0.9387755102040817
260 2 2 3 3 2 0.9545454545454546
261 3 2 2 3 1 0.9090909090909091
262 3 3 2 4 2 0.8214285714285714
263 2 2 2 4 2 0.8695652173913043
264 2 3 3 4 2 0.8571428571428571
265 1 2 2 2 1 0.9032258064516129
267 3 2 1 3 1 0.8292682926829268
269 1 2 3 3 2 0.926829268292683
270 4 1 3 1 2 0.8888888888888888
272 4 3 2 2 1 0.8235294117647058
273 3 2 3 1 2 0.926829268292683
274 3 1 3 3 1 0.9565217391304348
275 4 2 2 4 2 0.8275862068965517
276 3 3 2 1 2 0.8292682926829268
278 2 3 2 2 1 0.8717948717948718
279 1 1 1 2 1 0.8
280 2 2 1 2 2 0.8387096774193549
283 1 1 2 4 2 0.85
284 1 2 2 3 1 0.8888888888888888
286 2 3 3 1 2 0.8780487804878049
287 3 2 2 1 2 0.8888888888888888
288 1 2 3 4 1 0.875
289 2 2 3 4 2 0.9019607843137255
290 2 3 2 4 1 0.8235294117647058
292 2 2 2 1 2 0.9032258064516129
293 2 1 1 1 2 0.8
294 4 3 3 1 1 0.8301886792452831
295 1 1 1 3 2 0.8
296 3 2 1 3 2 0.8292682926829268
297 4 2 3 3 1 0.8928571428571429
299 3 2 3 2 1 0.9545454545454546
300 3 1 3 4 1 0.9056603773584906
301 1 3 3 4 1 0.8301886792452831
302 2 2 3 3 2 0.9545454545454546
303 3 2 2 1 1 0.8888888888888888
304 4 1 2 4 1 0.8363636363636363
305 1 2 3 2 1 0.9444444444444444
306 1 2 2 1 1 0.8571428571428571
308 1 2 2 1 1 0.8571428571428571
309 3 1 3 4 2 0.9056603773584906
310 3 1 3 1 2 0.9473684210526315
312 4 3 3 3 1 0.8524590163934426
313 3 3 2 4 1 0.8214285714285714
314 2 2 1 3 2 0.8333333333333334
315 3 3 3 4 1 0.8524590163934426
317 3 3 3 2 1 0.8979591836734694
318 4 3 2 2 1 0.8235294117647058
319 4 2 3 1 2 0.875
324 2 2 3 2 2 0.9743589743589743
326 1 2 2 2 1 0.9032258064516129
328 4 3 2 3 1 0.8214285714285714
330 1 2 3 1 2 0.9090909090909091
332 4 3 3 3 1 0.8524590163934426
334 3 3 3 4 2 0.8524590163934426
335 4 1 1 2 2 0.8
336 3 3 2 2 2 0.8636363636363636
337 3 1 3 1 1 0.9473684210526315
338 2 2 2 1 1 0.9032258064516129
340 2 1 3 2 2 1.0
341 3 2 3 4 1 0.8928571428571429
342 4 3 2 2 2 0.8235294117647058
343 4 3 2 3 2 0.8214285714285714
346 1 1 1 2 1 0.8
348 2 1 1 1 2 0.8
349 1 3 3 4 1 0.8301886792452831
350 1 1 2 4 1 0.85
351 2 2 3 1 2 0.9444444444444444
352 3 2 3 2 1 0.9545454545454546
355 1 2 3 3 1 0.926829268292683
356 1 2 3 1 1 0.9090909090909091
357 4 1 3 4 1 0.8666666666666667
358 1 3 3 3 2 0.8695652173913043
359 1 3 2 2 1 0.8333333333333334
360 4 2 3 4 1 0.8571428571428571
361 4 2 3 3 2 0.8928571428571429
362 1 2 2 4 2 0.8372093023255814
363 4 2 2 4 1 0.8275862068965517
366 2 2 2 1 1 0.9032258064516129
367 1 1 3 1 2 0.9333333333333333
368 3 3 3 2 1 0.8979591836734694
369 3 1 3 4 2 0.9056603773584906
371 3 3 3 4 1 0.8524590163934426
372 3 1 3 3 2 0.9565217391304348
375 3 2 2 4 2 0.8627450980392157
376 4 3 2 3 1 0.8214285714285714
377 3 3 3 1 2 0.8695652173913043
378 1 2 3 4 1 0.875
380 2 1 3 1 2 0.9696969696969697
382 2 1 1 2 1 0.8571428571428571
383 1 3 3 4 1 0.8301886792452831
384 4 1 2 4 1 0.8363636363636363
385 4 3 3 3 2 0.8524590163934426
386 2 1 1 3 2 0.8484848484848485
387 2 2 3 3 2 0.9545454545454546
388 1 3 3 1 1 0.8421052631578947
389 2 2 3 1 2 0.9444444444444444
390 4 2 2 3 2 0.8627450980392157
391 3 3 2 2 2 0.8636363636363636
393 4 1 2 3 1 0.875
395 3 1 2 4 1 0.875
396 2 2 2 4 2 0.8695652173913043
397 1 1 3 2 2 0.9696969696969697
398 4 2 3 2 2 0.9019607843137255
399 4 2 3 3 1 0.8928571428571429
401 2 2 3 4 2 0.9019607843137255
402 1 1 2 3 2 0.9090909090909091
403 3 2 2 2 2 0.9230769230769231
404 3 1 3 3 1 0.9565217391304348
407 4 2 3 3 2 0.8928571428571429
408 1 3 3 1 1 0.8421052631578947
409 2 2 1 3 2 0.8333333333333334
410 3 2 1 3 1 0.8292682926829268
411 1 2 2 3 2 0.8888888888888888
413 4 3 2 2 1 0.8235294117647058
414 3 2 1 2 1 0.8333333333333334
415 4 2 3 1 2 0.875
416 3 2 2 3 1 0.9090909090909091
418 1 2 2 3 2 0.8888888888888888
419 1 3 2 3 1 0.8292682926829268
420 3 3 3 2 1 0.8979591836734694
421 1 2 3 3 1 0.926829268292683
422 4 2 3 1 1 0.875
423 4 3 3 2 1 0.8571428571428571
425 4 3 2 3 1 0.8214285714285714
426 3 3 2 2 1 0.8636363636363636
427 2 3 3 4 2 0.8571428571428571
430 4 2 2 4 2 0.8275862068965517
432 2 1 1 4 1 0.8
433 2 3 2 3 2 0.8636363636363636
434 3 1 2 1 2 0.9090909090909091
436 1 1 1 3 2 0.8
439 1 3 3 3 2 0.8695652173913043
440 3 1 2 1 1 0.9090909090909091
441 1 3 3 1 1 0.8421052631578947
442 3 1 3 3 1 0.9565217391304348
443 2 3 3 3 1 0.8979591836734694
444 4 1 2 4 1 0.8363636363636363
446 1 2 3 3 2 0.926829268292683
447 4 1 2 1 2 0.85
448 4 3 2 2 2 0.8235294117647058
449 4 2 3 1 1 0.875
450 2 2 2 2 2 0.9411764705882353
452 3 1 1 1 1 0.8
454 4 3 3 1 2 0.8301886792452831
455 2 1 2 3 1 0.9444444444444444
456 3 3 2 3 1 0.8571428571428571
457 1 1 3 2 1 0.9696969696969697
458 3 2 3 3 2 0.9387755102040817
460 1 3 2 3 2 0.8292682926829268
462 2 3 2 4 1 0.8235294117647058
464 2 2 3 2 1 0.9743589743589743
466 2 2 3 1 2 0.9444444444444444
469 4 2 2 2 1 0.8695652173913043
471 2 1 3 3 1 0.975609756097561
472 1 1 2 2 2 0.9285714285714286
473 1 3 3 1 2 0.8421052631578947
474 1 2 2 1 1 0.8571428571428571
476 1 3 2 2 2 0.8333333333333334
478 3 3 2 2 2 0.8636363636363636
479 4 3 2 2 2 0.8235294117647058
480 2 2 3 4 2 0.9019607843137255
482 2 1 2 2 2 0.967741935483871
483 4 1 2 4 1 0.8363636363636363
484 1 2 3 2 2 0.9444444444444444
485 3 2 2 4 1 0.8627450980392157
486 2 2 2 4 1 0.8695652173913043
487 2 3 2 4 1 0.8235294117647058
489 4 1 3 3 2 0.9056603773584906
490 4 1 2 4 2 0.8363636363636363
492 3 3 2 3 1 0.8571428571428571
494 1 1 3 1 1 0.9333333333333333
495 4 1 3 1 1 0.8888888888888888
496 3 2 3 3 1 0.9387755102040817
499 1 2 3 2 2 0.9444444444444444
500 3 3 3 1 1 0.8695652173913043
501 3 2 3 3 2 0.9387755102040817
502 2 1 3 2 2 1.0
504 3 1 1 3 2 0.8421052631578947
505 1 3 3 2 2 0.8780487804878049
506 2 1 3 3 1 0.975609756097561
509 3 1 2 2 1 0.9444444444444444
510 1 1 2 2 2 0.9285714285714286
511 4 3 3 4 2 0.8235294117647058
513 4 2 3 2 1 0.9019607843137255
515 4 2 3 2 1 0.9019607843137255
517 3 3 3 4 2 0.8524590163934426
518 2 2 3 1 1 0.9444444444444444
519 2 2 1 3 2 0.8333333333333334
521 2 1 2 4 2 0.8837209302325582
522 4 1 2 4 1 0.8363636363636363
524 4 2 2 3 1 0.8627450980392157
525 1 3 2 2 2 0.8333333333333334
526 1 2 3 2 1 0.9444444444444444
527 3 3 3 1 1 0.8695652173913043
528 2 3 2 1 2 0.8333333333333334
529 2 3 3 4 2 0.8571428571428571
531 4 2 2 1 2 0.8372093023255814
532 2 1 1 1 1 0.8
533 1 2 3 2 1 0.9444444444444444
534 3 3 2 1 1 0.8292682926829268
535 1 3 2 3 2 0.8292682926829268
536 3 2 3 3 2 0.9387755102040817
537 2 1 1 3 1 0.8484848484848485
538 3 2 2 3 2 0.9090909090909091
539 2 2 3 2 1 0.9743589743589743
540 1 3 3 4 1 0.8301886792452831
541 4 2 2 3 1 0.8627450980392157
544 4 3 3 1 2 0.8301886792452831
545 4 2 3 1 2 0.875
546 4 2 2 2 2 0.8695652173913043
547 1 2 3 3 1 0.926829268292683
548 2 1 3 4 2 0.9166666666666666
549 4 2 2 1 1 0.8372093023255814
551 3 1 2 1 1 0.9090909090909091
552 3 2 1 2 2 0.8333333333333334
553 3 1 1 1 1 0.8
554 2 1 3 1 1 0.9696969696969697
556 1 3 3 3 1 0.8695652173913043
557 2 3 3 2 2 0.9090909090909091
558 1 2 3 4 1 0.875
559 3 2 3 1 1 0.926829268292683
560 4 1 2 4 2 0.8363636363636363
561 1 2 2 2 2 0.9032258064516129
563 4 3 3 2 1 0.8571428571428571
564 3 1 1 4 2 0.8
566 4 2 2 3 2 0.8627450980392157
567 3 1 3 1 2 0.9473684210526315
568 1 2 3 1 2 0.9090909090909091
569 3 2 1 2 2 0.8333333333333334
570 1 3 2 3 2 0.8292682926829268
571 2 1 3 4 1 0.9166666666666666
573 2 3 2 4 1 0.8235294117647058
574 3 1 3 3 2 0.9565217391304348
575 1 3 2 3 1 0.8292682926829268
577 4 2 3 1 1 0.875
578 3 1 3 2 2 0.975609756097561
579 2 1 3 3 1 0.975609756097561
582 4 2 2 2 1 0.8695652173913043
583 4 1 1 3 1 0.8
584 2 2 3 3 1 0.9545454545454546
587 3 2 3 2 1 0.9545454545454546
588 2 1 3 1 2 0.9696969696969697
589 3 3 2 1 1 0.8292682926829268
591 3 2 3 2 1 0.9545454545454546
592 2 2 1 2 2 0.8387096774193549
593 4 1 2 4 2 0.8363636363636363
595 2 2 1 2 1 0.8387096774193549
596 4 3 2 2 2 0.8235294117647058
597 2 1 3 1 2 0.9696969696969697
598 1 1 3 3 1 0.9473684210526315
600 4 2 2 2 1 0.8695652173913043
601 4 1 2 2 2 0.8837209302325582
603 3 1 1 4 2 0.8
604 2 3 3 1 1 0.8780487804878049
606 3 2 1 3 2 0.8292682926829268
607 4 1 2 1 2 0.85
608 3 1 3 4 2 0.9056603773584906
609 2 1 3 4 1 0.9166666666666666
611 1 1 1 3 2 0.8
612 3 1 3 3 1 0.9565217391304348
613 1 2 2 4 1 0.8372093023255814
614 2 1 3 2 1 1.0
615 1 3 2 3 2 0.8292682926829268
617 3 3 3 4 1 0.8524590163934426
619 1 2 2 4 2 0.8372093023255814
620 2 2 3 3 2 0.9545454545454546
621 4 2 3 2 2 0.9019607843137255
622 2 3 3 3 1 0.8979591836734694
623 1 1 1 2 1 0.8
624 2 3 2 3 2 0.8636363636363636
625 1 2 2 2 2 0.9032258064516129
626 4 1 3 4 1 0.8666666666666667
627 2 2 3 3 1 0.9545454545454546
628 3 2 2 1 2 0.8888888888888888
629 3 2 1 2 1 0.8333333333333334
631 4 1 3 2 1 0.9166666666666666
634 4 3 3 2 1 0.8571428571428571
635 3 1 3 3 2 0.9565217391304348
637 4 3 3 3 2 0.8524590163934426
639 3 2 1 3 2 0.8292682926829268
640 4 2 3 3 2 0.8928571428571429
641 4 2 3 2 2 0.9019607843137255
644 2 3 3 1 2 0.8780487804878049
646 3 3 3 3 2 0.8888888888888888
647 2 2 2 2 1 0.9411764705882353
648 2 2 3 1 1 0.9444444444444444
649 3 2 1 3 2 0.8292682926829268
651 4 1 2 2 2 0.8837209302325582
652 3 2 2 2 2 0.9230769230769231
653 2 1 2 3 2 0.9444444444444444
654 3 1 2 4 1 0.875
655 3 1 1 2 2 0.8484848484848485
657 2 3 2 3 2 0.8636363636363636
659 3 1 2 3 2 0.926829268292683
660 4 3 3 3 2 0.8524590163934426
664 1 2 3 4 2 0.875
665 3 2 3 4 2 0.8928571428571429
668 3 2 3 4 1 0.8928571428571429
669 1 2 3 2 1 0.9444444444444444
670 1 3 2 3 1 0.8292682926829268
671 1 1 3 4 1 0.8888888888888888
673 2 2 2 1 2 0.9032258064516129
674 1 2 3 2 2 0.9444444444444444
675 1 2 2 1 1 0.8571428571428571
676 2 1 2 3 1 0.9444444444444444
677 1 3 3 2 2 0.8780487804878049
678 4 3 3 2 1 0.8571428571428571
679 4 1 1 2 2 0.8
680 3 2 3 3 1 0.9387755102040817
681 4 2 2 2 1 0.8695652173913043
682 2 1 1 1 1 0.8
683 1 2 3 4 2 0.875
684 3 3 3 1 2 0.8695652173913043
686 1 2 3 2 2 0.9444444444444444
687 3 3 2 4 2 0.8214285714285714
688 4 1 3 1 2 0.8888888888888888
689 3 3 2 3 2 0.8571428571428571
690 1 1 3 2 1 0.9696969696969697
691 4 3 3 1 1 0.8301886792452831
692 2 2 2 4 1 0.8695652173913043
694 3 1 2 1 2 0.9090909090909091
695 2 1 3 2 1 1.0
697 2 2 3 4 1 0.9019607843137255
699 4 2 3 3 1 0.8928571428571429
700 2 1 2 3 1 0.9444444444444444
701 3 1 1 3 2 0.8421052631578947
702 4 1 2 4 1 0.8363636363636363
704 3 1 1 1 1 0.8
706 2 1 3 2 1 1.0
708 1 3 3 2 2 0.8780487804878049
709 4 1 3 3 1 0.9056603773584906
710 3 2 1 2 2 0.8333333333333334
712 4 3 3 2 1 0.8571428571428571
713 3 3 3 1 1 0.8695652173913043
714 1 1 3 1 1 0.9333333333333333
715 3 1 2 4 2 0.875
716 3 2 2 1 2 0.8888888888888888
717 3 2 2 2 1 0.9230769230769231
718 4 2 2 4 1 0.8275862068965517
719 4 3 3 2 1 0.8571428571428571
720 4 2 2 3 2 0.8627450980392157
721 3 2 2 4 2 0.8627450980392157
724 4 2 2 1 2 0.8372093023255814
725 3 1 2 3 1 0.926829268292683
726 3 1 1 3 1 0.8421052631578947
728 3 3 3 4 2 0.8524590163934426
729 1 2 3 1 1 0.9090909090909091
731 2 2 2 1 1 0.9032258064516129
733 2 1 1 2 1 0.8571428571428571
734 4 2 3 4 2 0.8571428571428571
736 3 1 3 3 1 0.9565217391304348
738 1 3 3 3 2 0.8695652173913043
739 3 3 2 3 2 0.8571428571428571
740 3 2 3 2 2 0.9545454545454546
742 4 2 2 2 2 0.8695652173913043
743 3 2 1 2 2 0.8333333333333334
744 2 2 2 4 1 0.8695652173913043
745 3 2 3 4 2 0.8928571428571429
746 4 1 3 1 1 0.8888888888888888
748 3 1 1 4 2 0.8
749 4 1 2 3 2 0.875
752 2 3 2 3 2 0.8636363636363636
753 3 3 2 1 2 0.8292682926829268
755 2 3 2 1 2 0.8333333333333334
756 1 2 2 1 1 0.8571428571428571
758 4 1 3 2 2 0.9166666666666666
760 4 1 1 3 1 0.8
761 1 2 3 4 1 0.875
762 3 3 3 4 2 0.8524590163934426
763 3 1 2 1 2 0.9090909090909091
764 4 1 3 2 1 0.9166666666666666
765 2 3 3 2 2 0.9090909090909091
766 4 1 1 3 2 0.8
768 4 1 3 3 1 0.9056603773584906
770 4 3 3 2 1 0.8571428571428571
771 3 2 2 4 2 0.8627450980392157
772 4 2 2 4 2 0.8275862068965517
773 2 1 1 4 2 0.8
774 1 2 3 1 1 0.9090909090909091
775 4 1 3 4 1 0.8666666666666667
776 2 1 2 1 1 0.9285714285714286
777 4 3 2 3 1 0.8214285714285714
778 1 1 2 1 2 0.88
779 2 3 3 3 2 0.8979591836734694
780 3 1 3 4 1 0.9056603773584906
781 4 3 3 1 2 0.8301886792452831
782 3 1 1 4 2 0.8
784 4 1 3 1 2 0.8888888888888888
785 1 2 2 2 1 0.9032258064516129
786 4 1 2 1 1 0.85
788 1 2 3 1 2 0.9090909090909091
789 3 2 2 3 1 0.9090909090909091
790 1 1 2 3 2 0.9090909090909091
791 4 1 2 3 1 0.875
792 2 2 3 4 1 0.9019607843137255
793 4 2 3 1 1 0.875
794 1 2 3 2 1 0.9444444444444444
795 2 2 3 3 1 0.9545454545454546
801 1 2 3 3 1 0.926829268292683
802 2 1 1 1 2 0.8
803 4 2 3 4 2 0.8571428571428571
804 2 2 1 2 2 0.8387096774193549
805 2 2 2 4 1 0.8695652173913043
806 2 2 1 3 1 0.8333333333333334
807 3 3 2 2 1 0.8636363636363636
808 1 3 3 2 1 0.8780487804878049
809 2 3 3 3 2 0.8979591836734694
810 4 1 2 2 1 0.8837209302325582
811 4 2 3 1 1 0.875
812 3 1 2 2 2 0.9444444444444444
813 3 2 1 2 2 0.8333333333333334
814 2 2 2 4 1 0.8695652173913043
815 4 1 2 4 1 0.8363636363636363
816 3 2 1 3 2 0.8292682926829268
817 3 2 2 3 2 0.9090909090909091
818 1 1 2 4 2 0.85
819 1 2 3 2 2 0.9444444444444444
820 2 1 3 1 2 0.9696969696969697
823 4 3 2 3 2 0.8214285714285714
825 1 1 3 3 1 0.9473684210526315
826 2 1 1 2 1 0.8571428571428571
827 4 2 2 1 2 0.8372093023255814
828 3 3 2 4 2 0.8214285714285714
829 2 2 3 2 2 0.9743589743589743
833 4 2 3 4 1 0.8571428571428571
834 1 3 2 2 2 0.8333333333333334
836 1 1 1 3 1 0.8
837 1 1 3 4 2 0.8888888888888888
838 4 3 3 1 2 0.8301886792452831
839 3 1 1 4 2 0.8
840 1 2 3 1 1 0.9090909090909091
841 2 1 2 2 1 0.967741935483871
843 1 1 3 1 2 0.9333333333333333
844 2 1 2 2 1 0.967741935483871
845 3 1 3 3 2 0.9565217391304348
846 4 3 2 3 2 0.8214285714285714
847 2 2 3 1 2 0.9444444444444444
848 2 3 2 4 2 0.8235294117647058
849 4 2 2 1 2 0.8372093023255814
850 4 2 2 4 1 0.8275862068965517
851 4 1 2 3 2 0.875
852 2 1 2 4 2 0.8837209302325582
853 4 1 2 1 2 0.85
854 3 1 3 2 2 0.975609756097561
855 2 1 1 1 2 0.8
858 2 1 2 2 1 0.967741935483871
860 2 3 3 3 1 0.8979591836734694
863 1 3 3 2 1 0.8780487804878049
864 2 2 3 2 2 0.9743589743589743
865 4 3 2 2 2 0.8235294117647058
866 1 1 2 4 1 0.85
867 1 1 3 3 1 0.9473684210526315
868 3 3 2 3 1 0.8571428571428571
870 4 2 2 3 2 0.8627450980392157
873 4 3 3 1 1 0.8301886792452831
874 4 1 1 2 2 0.8
875 2 2 2 1 2 0.9032258064516129
877 2 2 1 3 1 0.8333333333333334
878 1 2 3 4 2 0.875
879 4 3 3 4 2 0.8235294117647058
880 2 1 2 4 1 0.8837209302325582
881 4 1 2 2 1 0.8837209302325582
882 3 1 3 2 2 0.975609756097561
883 1 2 2 4 2 0.8372093023255814
886 4 3 2 2 1 0.8235294117647058
887 3 1 1 1 1 0.8
888 3 3 2 1 1 0.8292682926829268
890 3 2 1 2 2 0.8333333333333334
891 2 2 2 3 2 0.9230769230769231
892 3 2 2 2 1 0.9230769230769231
893 2 3 3 3 2 0.8979591836734694
894 4 3 3 4 1 0.8235294117647058
896 3 1 1 3 1 0.8421052631578947
898 1 2 3 2 2 0.9444444444444444
899 2 1 1 4 2 0.8
900 4 2 3 1 1 0.875
901 1 2 3 2 2 0.9444444444444444
902 1 1 3 1 2 0.9333333333333333
904 4 1 2 1 2 0.85
905 2 1 3 3 1 0.975609756097561
907 1 2 3 1 2 0.9090909090909091
909 3 2 3 4 2 0.8928571428571429
910 2 2 2 1 1 0.9032258064516129
911 2 2 3 2 1 0.9743589743589743
912 4 3 2 2 2 0.8235294117647058
913 3 2 3 1 2 0.926829268292683
914 4 1 3 4 1 0.8666666666666667
915 3 2 2 3 2 0.9090909090909091
918 2 1 3 1 1 0.9696969696969697
920 4 1 3 4 1 0.8666666666666667
921 3 2 3 1 1 0.926829268292683
922 4 1 1 3 1 0.8
923 4 3 3 2 2 0.8571428571428571
924 1 2 3 1 2 0.9090909090909091
926 1 1 2 3 1 0.9090909090909091
928 4 1 3 2 1 0.9166666666666666
930 4 3 2 3 2 0.8214285714285714
931 1 3 3 4 1 0.8301886792452831
932 2 1 1 1 1 0.8
933 3 3 2 3 2 0.8571428571428571
934 4 2 3 1 2 0.875
935 2 1 3 2 1 1.0
936 1 3 3 4 2 0.8301886792452831
938 2 1 3 1 2 0.9696969696969697
939 2 2 1 3 2 0.8333333333333334
940 1 2 3 1 1 0.9090909090909091
941 3 1 3 3 1 0.9565217391304348
942 3 3 2 4 2 0.8214285714285714
944 1 2 2 4 2 0.8372093023255814
945 2 2 1 3 1 0.8333333333333334
946 3 3 3 2 2 0.8979591836734694
947 2 1 3 3 1 0.975609756097561
948 4 1 1 2 1 0.8
951 3 2 2 1 2 0.8888888888888888
952 2 2 2 1 2 0.9032258064516129
953 3 1 1 4 1 0.8
954 2 3 3 3 2 0.8979591836734694
955 3 2 2 4 2 0.8627450980392157
956 2 3 2 1 1 0.8333333333333334
957 3 2 2 4 2 0.8627450980392157
958 2 1 1 2 2 0.8571428571428571
959 3 3 3 1 2 0.8695652173913043
962 1 1 3 1 2 0.9333333333333333
963 1 2 2 2 2 0.9032258064516129
965 1 1 2 1 1 0.88
966 1 2 2 3 2 0.8888888888888888
967 2 3 3 4 1 0.8571428571428571
968 1 2 3 1 1 0.9090909090909091
969 3 3 3 1 2 0.8695652173913043
971 1 2 2 4 1 0.8372093023255814
973 3 3 3 2 2 0.8979591836734694
975 1 3 2 3 1 0.8292682926829268
976 1 1 3 2 1 0.9696969696969697
979 1 3 2 3 2 0.8292682926829268
980 2 1 3 2 2 1.0
982 2 2 3 4 1 0.9019607843137255
984 3 1 3 1 2 0.9473684210526315
985 1 2 3 2 1 0.9444444444444444
986 3 1 1 3 1 0.8421052631578947
989 3 2 3 2 2 0.9545454545454546
990 1 1 2 4 1 0.85
991 4 2 2 4 2 0.8275862068965517
993 2 3 2 4 1 0.8235294117647058
994 3 3 2 2 1 0.8636363636363636
995 4 2 2 4 1 0.8275862068965517
997 2 1 2 3 2 0.9444444444444444
998 2 1 2 2 2 0.967741935483871
999 1 1 2 1 1 0.88
1000 3 2 2 4 2 0.8627450980392157
