10 2 2 3 2 1 1
48 2 2 3 2 2 1
55 2 1 2 2 2 1
59 2 1 2 2 2 1
77 2 2 3 2 2 1
87 2 1 2 2 1 1
117 1 1 3 2 1 1
129 2 1 3 2 1 0
132 3 1 3 2 1 1
145 2 1 3 1 1 1
164 2 2 3 2 1 1
182 3 1 3 2 2 1
201 1 1 3 2 2 1
215 2 1 3 3 2 1
248 3 1 3 2 1 1
256 2 1 3 1 1 1
324 2 2 3 2 2 1
340 2 1 3 2 2 0
380 2 1 3 1 2 1
397 1 1 3 2 2 1
457 1 1 3 2 1 1
464 2 2 3 2 1 1
471 2 1 3 3 1 1
482 2 1 2 2 2 1
502 2 1 3 2 2 0
506 2 1 3 3 1 1
539 2 2 3 2 1 1
554 2 1 3 1 1 1
578 3 1 3 2 2 1
579 2 1 3 3 1 1
588 2 1 3 1 2 1
597 2 1 3 1 2 1
614 2 1 3 2 1 0
690 1 1 3 2 1 1
695 2 1 3 2 1 0
706 2 1 3 2 1 0
820 2 1 3 1 2 1
829 2 2 3 2 2 1
841 2 1 2 2 1 1
844 2 1 2 2 1 1
854 3 1 3 2 2 1
858 2 1 2 2 1 1
864 2 2 3 2 2 1
882 3 1 3 2 2 1
905 2 1 3 3 1 1
911 2 2 3 2 1 1
918 2 1 3 1 1 1
935 2 1 3 2 1 0
938 2 1 3 1 2 1
947 2 1 3 3 1 1
976 1 1 3 2 1 1
980 2 1 3 2 2 0
998 2 1 2 2 2 1
