9 2 1 3 4 1 0.8461538461538461
10 2 2 3 2 1 0.95
13 1 2 3 1 1 0.8333333333333334
14 1 2 3 3 1 0.8636363636363636
15 3 1 3 1 2 0.9
19 3 2 3 3 1 0.8846153846153846
25 3 1 2 3 1 0.8636363636363636
27 1 1 3 1 2 0.875
28 3 2 2 1 1 0.8
32 2 2 3 1 2 0.8947368421052632
36 3 2 3 4 2 0.8064516129032258
37 1 1 3 1 1 0.875
41 3 2 3 3 2 0.8846153846153846
42 2 2 3 1 1 0.8947368421052632
44 2 2 2 3 2 0.8571428571428571
48 2 2 3 2 2 0.95
51 1 2 3 3 1 0.8636363636363636
52 2 2 3 1 2 0.8947368421052632
55 2 1 2 2 2 0.9375
59 2 1 2 2 2 0.9375
64 2 2 2 2 2 0.8888888888888888
66 3 1 3 3 1 0.9166666666666666
67 2 1 3 4 1 0.8461538461538461
70 4 1 3 2 1 0.8461538461538461
72 3 1 3 1 2 0.9
77 2 2 3 2 2 0.95
78 2 3 3 2 2 0.8333333333333334
79 3 2 3 2 1 0.9130434782608695
81 3 2 2 3 2 0.8333333333333334
85 3 1 2 3 2 0.8636363636363636
86 2 2 3 3 2 0.9130434782608695
87 2 1 2 2 1 0.9375
89 3 2 3 3 1 0.8846153846153846
90 1 1 2 2 1 0.8666666666666667
91 4 2 3 2 2 0.8214285714285714
92 2 3 3 2 1 0.8333333333333334
98 2 1 2 1 1 0.8666666666666667
99 4 2 3 3 2 0.8064516129032258
102 1 2 3 3 2 0.8636363636363636
104 3 2 3 4 2 0.8064516129032258
105 4 2 3 3 1 0.8064516129032258
112 1 2 2 2 1 0.8235294117647058
115 3 1 3 4 2 0.8275862068965517
117 1 1 3 2 1 0.9411764705882353
118 2 2 2 1 2 0.8235294117647058
122 2 2 3 4 1 0.8214285714285714
124 1 1 3 3 1 0.9
125 4 1 3 3 2 0.8275862068965517
129 2 1 3 2 1 1.0
132 3 1 3 2 1 0.9523809523809523
135 3 2 2 1 2 0.8
136 2 2 3 1 1 0.8947368421052632
137 3 2 3 4 2 0.8064516129032258
139 3 1 3 1 1 0.9
140 3 1 2 3 2 0.8636363636363636
141 3 1 3 4 2 0.8275862068965517
142 1 2 2 3 2 0.8
145 2 1 3 1 1 0.9411764705882353
148 2 3 3 2 2 0.8333333333333334
151 3 2 2 3 1 0.8333333333333334
153 1 1 2 3 2 0.8333333333333334
154 3 1 2 1 1 0.8333333333333334
160 3 2 3 2 2 0.9130434782608695
164 2 2 3 2 1 0.95
169 1 2 3 3 2 0.8636363636363636
172 3 2 2 1 1 0.8
176 3 2 2 2 2 0.8571428571428571
179 3 2 3 1 2 0.8636363636363636
182 3 1 3 2 2 0.9523809523809523
185 3 1 3 4 2 0.8275862068965517
187 2 1 2 1 2 0.8666666666666667
189 4 1 3 1 2 0.8
195 2 2 3 3 2 0.9130434782608695
201 1 1 3 2 2 0.9411764705882353
202 1 1 3 4 2 0.8
205 2 1 2 1 2 0.8666666666666667
207 3 2 3 4 1 0.8064516129032258
210 3 2 3 2 2 0.9130434782608695
213 2 3 3 2 2 0.8333333333333334
215 2 1 3 3 2 0.9523809523809523
216 3 1 2 2 1 0.8947368421052632
219 3 2 3 2 1 0.9130434782608695
220 4 1 3 1 2 0.8
222 1 1 3 3 1 0.9
229 2 2 3 3 2 0.9130434782608695
230 2 2 2 2 2 0.8888888888888888
232 2 3 3 3 1 0.8148148148148148
234 2 3 3 3 2 0.8148148148148148
235 4 2 3 3 1 0.8064516129032258
236 2 2 2 2 2 0.8888888888888888
243 2 1 3 4 2 0.8461538461538461
246 2 2 3 4 2 0.8214285714285714
247 3 1 2 3 2 0.8636363636363636
248 3 1 3 2 1 0.9523809523809523
250 2 2 2 2 1 0.8888888888888888
251 3 2 3 3 1 0.8846153846153846
256 2 1 3 1 1 0.9411764705882353
259 3 2 3 3 1 0.8846153846153846
260 2 2 3 3 2 0.9130434782608695
261 3 2 2 3 1 0.8333333333333334
265 1 2 2 2 1 0.8235294117647058
269 1 2 3 3 2 0.8636363636363636
270 4 1 3 1 2 0.8
273 3 2 3 1 2 0.8636363636363636
274 3 1 3 3 1 0.9166666666666666
284 1 2 2 3 1 0.8
287 3 2 2 1 2 0.8
289 2 2 3 4 2 0.8214285714285714
292 2 2 2 1 2 0.8235294117647058
297 4 2 3 3 1 0.8064516129032258
299 3 2 3 2 1 0.9130434782608695
300 3 1 3 4 1 0.8275862068965517
302 2 2 3 3 2 0.9130434782608695
303 3 2 2 1 1 0.8
305 1 2 3 2 1 0.8947368421052632
309 3 1 3 4 2 0.8275862068965517
310 3 1 3 1 2 0.9
317 3 3 3 2 1 0.8148148148148148
324 2 2 3 2 2 0.95
326 1 2 2 2 1 0.8235294117647058
330 1 2 3 1 2 0.8333333333333334
337 3 1 3 1 1 0.9
338 2 2 2 1 1 0.8235294117647058
340 2 1 3 2 2 1.0
341 3 2 3 4 1 0.8064516129032258
351 2 2 3 1 2 0.8947368421052632
352 3 2 3 2 1 0.9130434782608695
355 1 2 3 3 1 0.8636363636363636
356 1 2 3 1 1 0.8333333333333334
361 4 2 3 3 2 0.8064516129032258
366 2 2 2 1 1 0.8235294117647058
367 1 1 3 1 2 0.875
368 3 3 3 2 1 0.8148148148148148
369 3 1 3 4 2 0.8275862068965517
372 3 1 3 3 2 0.9166666666666666
380 2 1 3 1 2 0.9411764705882353
387 2 2 3 3 2 0.9130434782608695
389 2 2 3 1 2 0.8947368421052632
397 1 1 3 2 2 0.9411764705882353
398 4 2 3 2 2 0.8214285714285714
399 4 2 3 3 1 0.8064516129032258
401 2 2 3 4 2 0.8214285714285714
402 1 1 2 3 2 0.8333333333333334
403 3 2 2 2 2 0.8571428571428571
404 3 1 3 3 1 0.9166666666666666
407 4 2 3 3 2 0.8064516129032258
411 1 2 2 3 2 0.8
416 3 2 2 3 1 0.8333333333333334
418 1 2 2 3 2 0.8
420 3 3 3 2 1 0.8148148148148148
421 1 2 3 3 1 0.8636363636363636
434 3 1 2 1 2 0.8333333333333334
440 3 1 2 1 1 0.8333333333333334
442 3 1 3 3 1 0.9166666666666666
443 2 3 3 3 1 0.8148148148148148
446 1 2 3 3 2 0.8636363636363636
450 2 2 2 2 2 0.8888888888888888
455 2 1 2 3 1 0.8947368421052632
457 1 1 3 2 1 0.9411764705882353
458 3 2 3 3 2 0.8846153846153846
464 2 2 3 2 1 0.95
466 2 2 3 1 2 0.8947368421052632
471 2 1 3 3 1 0.9523809523809523
472 1 1 2 2 2 0.8666666666666667
480 2 2 3 4 2 0.8214285714285714
482 2 1 2 2 2 0.9375
484 1 2 3 2 2 0.8947368421052632
489 4 1 3 3 2 0.8275862068965517
494 1 1 3 1 1 0.875
495 4 1 3 1 1 0.8
496 3 2 3 3 1 0.8846153846153846
499 1 2 3 2 2 0.8947368421052632
501 3 2 3 3 2 0.8846153846153846
502 2 1 3 2 2 1.0
506 2 1 3 3 1 0.9523809523809523
509 3 1 2 2 1 0.8947368421052632
510 1 1 2 2 2 0.8666666666666667
513 4 2 3 2 1 0.8214285714285714
515 4 2 3 2 1 0.8214285714285714
518 2 2 3 1 1 0.8947368421052632
526 1 2 3 2 1 0.8947368421052632
533 1 2 3 2 1 0.8947368421052632
536 3 2 3 3 2 0.8846153846153846
538 3 2 2 3 2 0.8333333333333334
539 2 2 3 2 1 0.95
547 1 2 3 3 1 0.8636363636363636
548 2 1 3 4 2 0.8461538461538461
551 3 1 2 1 1 0.8333333333333334
554 2 1 3 1 1 0.9411764705882353
557 2 3 3 2 2 0.8333333333333334
559 3 2 3 1 1 0.8636363636363636
561 1 2 2 2 2 0.8235294117647058
567 3 1 3 1 2 0.9
568 1 2 3 1 2 0.8333333333333334
571 2 1 3 4 1 0.8461538461538461
574 3 1 3 3 2 0.9166666666666666
578 3 1 3 2 2 0.9523809523809523
579 2 1 3 3 1 0.9523809523809523
584 2 2 3 3 1 0.9130434782608695
587 3 2 3 2 1 0.9130434782608695
588 2 1 3 1 2 0.9411764705882353
591 3 2 3 2 1 0.9130434782608695
597 2 1 3 1 2 0.9411764705882353
598 1 1 3 3 1 0.9
608 3 1 3 4 2 0.8275862068965517
609 2 1 3 4 1 0.8461538461538461
612 3 1 3 3 1 0.9166666666666666
614 2 1 3 2 1 1.0
620 2 2 3 3 2 0.9130434782608695
621 4 2 3 2 2 0.8214285714285714
622 2 3 3 3 1 0.8148148148148148
625 1 2 2 2 2 0.8235294117647058
627 2 2 3 3 1 0.9130434782608695
628 3 2 2 1 2 0.8
631 4 1 3 2 1 0.8461538461538461
635 3 1 3 3 2 0.9166666666666666
640 4 2 3 3 2 0.8064516129032258
641 4 2 3 2 2 0.8214285714285714
646 3 3 3 3 2 0.8
647 2 2 2 2 1 0.8888888888888888
648 2 2 3 1 1 0.8947368421052632
652 3 2 2 2 2 0.8571428571428571
653 2 1 2 3 2 0.8947368421052632
659 3 1 2 3 2 0.8636363636363636
665 3 2 3 4 2 0.8064516129032258
668 3 2 3 4 1 0.8064516129032258
669 1 2 3 2 1 0.8947368421052632
671 1 1 3 4 1 0.8
673 2 2 2 1 2 0.8235294117647058
674 1 2 3 2 2 0.8947368421052632
676 2 1 2 3 1 0.8947368421052632
680 3 2 3 3 1 0.8846153846153846
686 1 2 3 2 2 0.8947368421052632
688 4 1 3 1 2 0.8
690 1 1 3 2 1 0.9411764705882353
694 3 1 2 1 2 0.8333333333333334
695 2 1 3 2 1 1.0
697 2 2 3 4 1 0.8214285714285714
699 4 2 3 3 1 0.8064516129032258
700 2 1 2 3 1 0.8947368421052632
706 2 1 3 2 1 1.0
709 4 1 3 3 1 0.8275862068965517
714 1 1 3 1 1 0.875
716 3 2 2 1 2 0.8
717 3 2 2 2 1 0.8571428571428571
725 3 1 2 3 1 0.8636363636363636
729 1 2 3 1 1 0.8333333333333334
731 2 2 2 1 1 0.8235294117647058
736 3 1 3 3 1 0.9166666666666666
740 3 2 3 2 2 0.9130434782608695
745 3 2 3 4 2 0.8064516129032258
746 4 1 3 1 1 0.8
758 4 1 3 2 2 0.8461538461538461
763 3 1 2 1 2 0.8333333333333334
764 4 1 3 2 1 0.8461538461538461
765 2 3 3 2 2 0.8333333333333334
768 4 1 3 3 1 0.8275862068965517
774 1 2 3 1 1 0.8333333333333334
776 2 1 2 1 1 0.8666666666666667
779 2 3 3 3 2 0.8148148148148148
780 3 1 3 4 1 0.8275862068965517
784 4 1 3 1 2 0.8
785 1 2 2 2 1 0.8235294117647058
788 1 2 3 1 2 0.8333333333333334
789 3 2 2 3 1 0.8333333333333334
790 1 1 2 3 2 0.8333333333333334
792 2 2 3 4 1 0.8214285714285714
794 1 2 3 2 1 0.8947368421052632
795 2 2 3 3 1 0.9130434782608695
801 1 2 3 3 1 0.8636363636363636
809 2 3 3 3 2 0.8148148148148148
812 3 1 2 2 2 0.8947368421052632
817 3 2 2 3 2 0.8333333333333334
819 1 2 3 2 2 0.8947368421052632
820 2 1 3 1 2 0.9411764705882353
825 1 1 3 3 1 0.9
829 2 2 3 2 2 0.95
837 1 1 3 4 2 0.8
840 1 2 3 1 1 0.8333333333333334
841 2 1 2 2 1 0.9375
843 1 1 3 1 2 0.875
844 2 1 2 2 1 0.9375
845 3 1 3 3 2 0.9166666666666666
847 2 2 3 1 2 0.8947368421052632
854 3 1 3 2 2 0.9523809523809523
858 2 1 2 2 1 0.9375
860 2 3 3 3 1 0.8148148148148148
864 2 2 3 2 2 0.95
867 1 1 3 3 1 0.9
875 2 2 2 1 2 0.8235294117647058
882 3 1 3 2 2 0.9523809523809523
891 2 2 2 3 2 0.8571428571428571
892 3 2 2 2 1 0.8571428571428571
893 2 3 3 3 2 0.8148148148148148
898 1 2 3 2 2 0.8947368421052632
901 1 2 3 2 2 0.8947368421052632
902 1 1 3 1 2 0.875
905 2 1 3 3 1 0.9523809523809523
907 1 2 3 1 2 0.8333333333333334
909 3 2 3 4 2 0.8064516129032258
910 2 2 2 1 1 0.8235294117647058
911 2 2 3 2 1 0.95
913 3 2 3 1 2 0.8636363636363636
915 3 2 2 3 2 0.8333333333333334
918 2 1 3 1 1 0.9411764705882353
921 3 2 3 1 1 0.8636363636363636
924 1 2 3 1 2 0.8333333333333334
926 1 1 2 3 1 0.8333333333333334
928 4 1 3 2 1 0.8461538461538461
935 2 1 3 2 1 1.0
938 2 1 3 1 2 0.9411764705882353
940 1 2 3 1 1 0.8333333333333334
941 3 1 3 3 1 0.9166666666666666
946 3 3 3 2 2 0.8148148148148148
947 2 1 3 3 1 0.9523809523809523
951 3 2 2 1 2 0.8
952 2 2 2 1 2 0.8235294117647058
954 2 3 3 3 2 0.8148148148148148
962 1 1 3 1 2 0.875
963 1 2 2 2 2 0.8235294117647058
966 1 2 2 3 2 0.8
968 1 2 3 1 1 0.8333333333333334
973 3 3 3 2 2 0.8148148148148148
976 1 1 3 2 1 0.9411764705882353
980 2 1 3 2 2 1.0
982 2 2 3 4 1 0.8214285714285714
984 3 1 3 1 2 0.9
985 1 2 3 2 1 0.8947368421052632
989 3 2 3 2 2 0.9130434782608695
997 2 1 2 3 2 0.8947368421052632
998 2 1 2 2 2 0.9375
