10 2 2 3 2 1 1.0
13 1 2 3 1 1 3.0
14 1 2 3 3 1 3.0
15 3 1 3 1 2 2.0
19 3 2 3 3 1 3.0
21 1 1 2 1 2 3.0
25 3 1 2 3 1 3.0
27 1 1 3 1 2 2.0
32 2 2 3 1 2 2.0
37 1 1 3 1 1 2.0
41 3 2 3 3 2 3.0
42 2 2 3 1 1 2.0
44 2 2 2 3 2 3.0
48 2 2 3 2 2 1.0
51 1 2 3 3 1 3.0
52 2 2 3 1 2 2.0
55 2 1 2 2 2 1.0
59 2 1 2 2 2 1.0
64 2 2 2 2 2 2.0
66 3 1 3 3 1 2.0
72 3 1 3 1 2 2.0
77 2 2 3 2 2 1.0
79 3 2 3 2 1 2.0
85 3 1 2 3 2 3.0
86 2 2 3 3 2 2.0
87 2 1 2 2 1 1.0
89 3 2 3 3 1 3.0
90 1 1 2 2 1 2.0
98 2 1 2 1 1 2.0
102 1 2 3 3 2 3.0
112 1 2 2 2 1 3.0
117 1 1 3 2 1 1.0
118 2 2 2 1 2 3.0
124 1 1 3 3 1 2.0
129 2 1 3 2 1 0.0
132 3 1 3 2 1 1.0
136 2 2 3 1 1 2.0
139 3 1 3 1 1 2.0
140 3 1 2 3 2 3.0
145 2 1 3 1 1 1.0
153 1 1 2 3 2 3.0
154 3 1 2 1 1 3.0
160 3 2 3 2 2 2.0
164 2 2 3 2 1 1.0
169 1 2 3 3 2 3.0
176 3 2 2 2 2 3.0
179 3 2 3 1 2 3.0
182 3 1 3 2 2 1.0
187 2 1 2 1 2 2.0
195 2 2 3 3 2 2.0
201 1 1 3 2 2 1.0
205 2 1 2 1 2 2.0
210 3 2 3 2 2 2.0
215 2 1 3 3 2 1.0
216 3 1 2 2 1 2.0
219 3 2 3 2 1 2.0
222 1 1 3 3 1 2.0
229 2 2 3 3 2 2.0
230 2 2 2 2 2 2.0
236 2 2 2 2 2 2.0
247 3 1 2 3 2 3.0
248 3 1 3 2 1 1.0
250 2 2 2 2 1 2.0
251 3 2 3 3 1 3.0
256 2 1 3 1 1 1.0
259 3 2 3 3 1 3.0
260 2 2 3 3 2 2.0
265 1 2 2 2 1 3.0
269 1 2 3 3 2 3.0
273 3 2 3 1 2 3.0
274 3 1 3 3 1 2.0
292 2 2 2 1 2 3.0
299 3 2 3 2 1 2.0
302 2 2 3 3 2 2.0
305 1 2 3 2 1 2.0
310 3 1 3 1 2 2.0
324 2 2 3 2 2 1.0
326 1 2 2 2 1 3.0
330 1 2 3 1 2 3.0
337 3 1 3 1 1 2.0
338 2 2 2 1 1 3.0
340 2 1 3 2 2 0.0
351 2 2 3 1 2 2.0
352 3 2 3 2 1 2.0
355 1 2 3 3 1 3.0
356 1 2 3 1 1 3.0
366 2 2 2 1 1 3.0
367 1 1 3 1 2 2.0
372 3 1 3 3 2 2.0
380 2 1 3 1 2 1.0
387 2 2 3 3 2 2.0
389 2 2 3 1 2 2.0
397 1 1 3 2 2 1.0
402 1 1 2 3 2 3.0
403 3 2 2 2 2 3.0
404 3 1 3 3 1 2.0
421 1 2 3 3 1 3.0
434 3 1 2 1 2 3.0
440 3 1 2 1 1 3.0
442 3 1 3 3 1 2.0
446 1 2 3 3 2 3.0
450 2 2 2 2 2 2.0
455 2 1 2 3 1 2.0
457 1 1 3 2 1 1.0
458 3 2 3 3 2 3.0
464 2 2 3 2 1 1.0
466 2 2 3 1 2 2.0
471 2 1 3 3 1 1.0
472 1 1 2 2 2 2.0
482 2 1 2 2 2 1.0
484 1 2 3 2 2 2.0
494 1 1 3 1 1 2.0
496 3 2 3 3 1 3.0
499 1 2 3 2 2 2.0
501 3 2 3 3 2 3.0
502 2 1 3 2 2 0.0
506 2 1 3 3 1 1.0
509 3 1 2 2 1 2.0
510 1 1 2 2 2 2.0
518 2 2 3 1 1 2.0
526 1 2 3 2 1 2.0
533 1 2 3 2 1 2.0
536 3 2 3 3 2 3.0
539 2 2 3 2 1 1.0
547 1 2 3 3 1 3.0
551 3 1 2 1 1 3.0
554 2 1 3 1 1 1.0
559 3 2 3 1 1 3.0
561 1 2 2 2 2 3.0
567 3 1 3 1 2 2.0
568 1 2 3 1 2 3.0
574 3 1 3 3 2 2.0
578 3 1 3 2 2 1.0
579 2 1 3 3 1 1.0
584 2 2 3 3 1 2.0
587 3 2 3 2 1 2.0
588 2 1 3 1 2 1.0
591 3 2 3 2 1 2.0
597 2 1 3 1 2 1.0
598 1 1 3 3 1 2.0
612 3 1 3 3 1 2.0
614 2 1 3 2 1 0.0
620 2 2 3 3 2 2.0
625 1 2 2 2 2 3.0
627 2 2 3 3 1 2.0
635 3 1 3 3 2 2.0
647 2 2 2 2 1 2.0
648 2 2 3 1 1 2.0
652 3 2 2 2 2 3.0
653 2 1 2 3 2 2.0
659 3 1 2 3 2 3.0
669 1 2 3 2 1 2.0
673 2 2 2 1 2 3.0
674 1 2 3 2 2 2.0
676 2 1 2 3 1 2.0
680 3 2 3 3 1 3.0
686 1 2 3 2 2 2.0
690 1 1 3 2 1 1.0
694 3 1 2 1 2 3.0
695 2 1 3 2 1 0.0
700 2 1 2 3 1 2.0
706 2 1 3 2 1 0.0
714 1 1 3 1 1 2.0
717 3 2 2 2 1 3.0
725 3 1 2 3 1 3.0
729 1 2 3 1 1 3.0
731 2 2 2 1 1 3.0
736 3 1 3 3 1 2.0
740 3 2 3 2 2 2.0
763 3 1 2 1 2 3.0
774 1 2 3 1 1 3.0
776 2 1 2 1 1 2.0
778 1 1 2 1 2 3.0
785 1 2 2 2 1 3.0
788 1 2 3 1 2 3.0
790 1 1 2 3 2 3.0
794 1 2 3 2 1 2.0
795 2 2 3 3 1 2.0
801 1 2 3 3 1 3.0
812 3 1 2 2 2 2.0
819 1 2 3 2 2 2.0
820 2 1 3 1 2 1.0
825 1 1 3 3 1 2.0
829 2 2 3 2 2 1.0
840 1 2 3 1 1 3.0
841 2 1 2 2 1 1.0
843 1 1 3 1 2 2.0
844 2 1 2 2 1 1.0
845 3 1 3 3 2 2.0
847 2 2 3 1 2 2.0
854 3 1 3 2 2 1.0
858 2 1 2 2 1 1.0
864 2 2 3 2 2 1.0
867 1 1 3 3 1 2.0
875 2 2 2 1 2 3.0
882 3 1 3 2 2 1.0
891 2 2 2 3 2 3.0
892 3 2 2 2 1 3.0
898 1 2 3 2 2 2.0
901 1 2 3 2 2 2.0
902 1 1 3 1 2 2.0
905 2 1 3 3 1 1.0
907 1 2 3 1 2 3.0
910 2 2 2 1 1 3.0
911 2 2 3 2 1 1.0
913 3 2 3 1 2 3.0
918 2 1 3 1 1 1.0
921 3 2 3 1 1 3.0
924 1 2 3 1 2 3.0
926 1 1 2 3 1 3.0
935 2 1 3 2 1 0.0
938 2 1 3 1 2 1.0
940 1 2 3 1 1 3.0
941 3 1 3 3 1 2.0
947 2 1 3 3 1 1.0
952 2 2 2 1 2 3.0
962 1 1 3 1 2 2.0
963 1 2 2 2 2 3.0
965 1 1 2 1 1 3.0
968 1 2 3 1 1 3.0
976 1 1 3 2 1 1.0
980 2 1 3 2 2 0.0
984 3 1 3 1 2 2.0
985 1 2 3 2 1 2.0
989 3 2 3 2 2 2.0
997 2 1 2 3 2 2.0
998 2 1 2 2 2 1.0
999 1 1 2 1 1 3.0
